2 0.91953125 0.45546875 0.10390625 0.11328125
3 0.95234375 0.87734375 0.0875 0.12421875
1 0.7265625 0.125 0.1109375 0.13359375
0 0.9421875 0.66875 0.115625 0.13515625
3 0.9359375 0.2875 0.11953125 0.153125
4 0.75703125 0.52734375 0.115625 0.125
2 0.2609375 0.85 0.1203125 0.13671875
2 0.0859375 0.13984375 0.11015625 0.109375
0 0.55234375 0.16484375 0.140625 0.18671875
0 0.31875 0.3578125 0.11640625 0.1953125
1 0.5546875 0.88671875 0.11015625 0.109375
4 0.56796875 0.45625 0.12265625 0.1375
4 0.1265625 0.4671875 0.128125 0.13984375
0 0.265625 0.11796875 0.1203125 0.190625
2 0.4 0.86171875 0.09921875 0.13515625
4 0.72421875 0.31484375 0.1265625 0.134375
4 0.5796875 0.71953125 0.11328125 0.134375
3 0.7875 0.81484375 0.1203125 0.15078125
1 0.20546875 0.64375 0.10703125 0.13125
3 0.37265625 0.62265625 0.1203125 0.1390625