0 0.578125 0.32265625 0.1328125 0.1703125
0 0.79296875 0.15078125 0.15 0.18125
1 0.7140625 0.89296875 0.11875 0.14375
4 0.1984375 0.07578125 0.134375 0.1515625
3 0.10546875 0.63203125 0.13125 0.1640625
4 0.85 0.89296875 0.1203125 0.1484375
3 0.8984375 0.49453125 0.1375 0.1625
0 0.2859375 0.3109375 0.1421875 0.1859375
4 0.240625 0.80078125 0.1140625 0.1296875
1 0.45546875 0.115625 0.1203125 0.1375
4 0.41171875 0.77734375 0.1125 0.128125
3 0.5890625 0.1265625 0.11875 0.1484375
2 0.584375 0.5578125 0.1203125 0.134375
3 0.28984375 0.51875 0.13125 0.171875
2 0.85078125 0.68671875 0.128125 0.1453125
4 0.93359375 0.19453125 0.121875 0.1453125
4 0.7703125 0.3546875 0.1375 0.1609375
4 0.09375 0.82578125 0.128125 0.1484375
1 0.134375 0.32109375 0.1390625 0.1546875
4 0.56875 0.796875 0.14375 0.1625