2 0.37734375 0.15390625 0.1203125 0.128125
1 0.903125 0.38984375 0.134375 0.14375
0 0.40859375 0.78671875 0.1515625 0.178125
3 0.196875 0.75859375 0.13125 0.1609375
0 0.69453125 0.271875 0.1453125 0.15
3 0.7375 0.4609375 0.140625 0.171875
3 0.62421875 0.77109375 0.128125 0.15625
3 0.06015625 0.3984375 0.1203125 0.165625
0 0.9375 0.60390625 0.125 0.1828125
0 0.228125 0.22890625 0.14375 0.1796875
0 0.06953125 0.19453125 0.1390625 0.1796875
2 0.2890625 0.48515625 0.1421875 0.159375
4 0.26796875 0.92109375 0.1578125 0.1578125
3 0.52265625 0.36875 0.1515625 0.1609375
4 0.9640625 0.8 0.071875 0.18125
2 0.56171875 0.56640625 0.1359375 0.1703125
2 0.809375 0.7453125 0.11875 0.1390625
4 0.51953125 0.140625 0.1359375 0.1765625
3 0.8609375 0.21328125 0.1359375 0.15625
1 0.659375 0.078125 0.1234375 0.1453125