0 0.315625 0.9125 0.11796875 0.15859375
0 0.53359375 0.17890625 0.12578125 0.1328125
0 0.29140625 0.51875 0.128125 0.19140625
0 0.45 0.734375 0.1390625 0.1828125
0 0.10390625 0.9171875 0.13984375 0.1625
3 0.84140625 0.6921875 0.1171875 0.1375
3 0.13671875 0.484375 0.11484375 0.15546875
3 0.08828125 0.6734375 0.1171875 0.1359375
4 0.67421875 0.3546875 0.10625 0.12578125
3 0.95078125 0.9171875 0.0984375 0.146875
3 0.30234375 0.30390625 0.090625 0.1296875
1 0.65078125 0.70078125 0.109375 0.12421875
1 0.6140625 0.89375 0.115625 0.13359375
2 0.68515625 0.1484375 0.1140625 0.140625
2 0.08125 0.2640625 0.1015625 0.12578125
2 0.921875 0.48828125 0.09609375 0.10625
4 0.2890625 0.72890625 0.1125 0.1453125
4 0.3390625 0.13515625 0.1078125 0.13671875
1 0.88046875 0.23203125 0.121875 0.14765625
2 0.5125 0.51796875 0.10546875 0.1328125