0 0.90859375 0.66171875 0.16015625 0.17578125
0 0.41484375 0.38671875 0.134375 0.1875
0 0.29140625 0.62109375 0.13984375 0.1453125
0 0.2875 0.109375 0.1171875 0.17734375
4 0.0984375 0.90234375 0.11875 0.13984375
1 0.80859375 0.4171875 0.1109375 0.1546875
1 0.60546875 0.43203125 0.10859375 0.15234375
1 0.5609375 0.15234375 0.1171875 0.134375
0 0.9203125 0.18203125 0.134375 0.15390625
4 0.7015625 0.89921875 0.12421875 0.134375
0 0.89140625 0.89375 0.12265625 0.17109375
4 0.134375 0.50859375 0.1140625 0.1390625
1 0.5625 0.66640625 0.1171875 0.14140625
4 0.0890625 0.30390625 0.11328125 0.14453125
3 0.3171875 0.88515625 0.10625 0.115625
1 0.12734375 0.690625 0.10546875 0.14453125
4 0.71796875 0.121875 0.1109375 0.12734375
4 0.25703125 0.32578125 0.0984375 0.128125
3 0.759375 0.7 0.1234375 0.159375
4 0.5 0.93046875 0.12421875 0.13046875