1 0.64765625 0.33671875 0.10859375 0.1265625
2 0.3796875 0.925 0.11015625 0.13125
1 0.4421875 0.48046875 0.1140625 0.14765625
0 0.55859375 0.7859375 0.12734375 0.17421875
1 0.86484375 0.89296875 0.10859375 0.14609375
4 0.26953125 0.47265625 0.11875 0.12578125
0 0.59609375 0.1328125 0.11796875 0.15625
4 0.76484375 0.16171875 0.11484375 0.14453125
2 0.3171875 0.64453125 0.10078125 0.1125
4 0.90234375 0.4515625 0.10703125 0.1328125
3 0.1046875 0.57734375 0.1125 0.15625
2 0.16796875 0.91171875 0.12265625 0.14609375
2 0.9109375 0.24296875 0.0921875 0.11640625
4 0.715625 0.7953125 0.1171875 0.15390625
0 0.609375 0.578125 0.11796875 0.17578125
0 0.925 0.62890625 0.11953125 0.14140625
3 0.76328125 0.578125 0.115625 0.15234375
1 0.11796875 0.20390625 0.10703125 0.121875
4 0.4671875 0.13984375 0.11953125 0.15390625
2 0.2359375 0.2328125 0.09765625 0.1375