3 0.72421875 0.55625 0.125 0.15
3 0.15703125 0.26875 0.125 0.1453125
2 0.68203125 0.190625 0.1296875 0.1484375
3 0.44296875 0.76640625 0.140625 0.159375
0 0.31796875 0.3140625 0.146875 0.1984375
4 0.45390625 0.37265625 0.1609375 0.1859375
3 0.9 0.38984375 0.1265625 0.15
0 0.17734375 0.078125 0.1671875 0.15625
3 0.50546875 0.1515625 0.1328125 0.15
4 0.8171875 0.9375 0.146875 0.125
0 0.028125 0.78515625 0.05625 0.1765625
1 0.6375 0.94921875 0.121875 0.1015625
4 0.20234375 0.4984375 0.1359375 0.1671875
1 0.31875 0.55859375 0.1421875 0.1703125
4 0.2328125 0.85 0.1421875 0.1671875
0 0.6609375 0.775 0.1828125 0.196875
4 0.88046875 0.6328125 0.1453125 0.1625
4 0.92578125 0.21328125 0.1484375 0.1671875
4 0.57578125 0.53203125 0.1484375 0.171875
4 0.37265625 0.10234375 0.134375 0.1734375