0 0.29296875 0.91484375 0.14609375 0.16015625
0 0.71328125 0.2734375 0.13125 0.17421875
0 0.20390625 0.68359375 0.1203125 0.16171875
0 0.9203125 0.16953125 0.140625 0.16328125
0 0.765625 0.87421875 0.12578125 0.1828125
4 0.47109375 0.6671875 0.1203125 0.15234375
3 0.9421875 0.675 0.1109375 0.13359375
4 0.4921875 0.87734375 0.11484375 0.15234375
2 0.26328125 0.171875 0.109375 0.1265625
3 0.88515625 0.47421875 0.11328125 0.14140625
4 0.0890625 0.896875 0.1234375 0.1390625
2 0.71328125 0.4515625 0.10078125 0.11328125
2 0.228125 0.50546875 0.1125 0.125
4 0.390625 0.09296875 0.1234375 0.13828125
1 0.76953125 0.67734375 0.09921875 0.13671875
4 0.90390625 0.88359375 0.134375 0.140625
2 0.0921875 0.28984375 0.11796875 0.13203125
1 0.5609375 0.45078125 0.11484375 0.14140625
0 0.41875 0.40625 0.12421875 0.15
2 0.5703125 0.2078125 0.10078125 0.1359375