0 0.24453125 0.4234375 0.15625 0.18125
0 0.64453125 0.428125 0.184375 0.209375
0 0.4765625 0.37109375 0.1671875 0.2046875
4 0.8421875 0.2234375 0.15 0.159375
0 0.759375 0.95078125 0.1625 0.0984375
1 0.821875 0.8078125 0.140625 0.1515625
3 0.14140625 0.17578125 0.14375 0.1765625
2 0.5859375 0.95 0.115625 0.1
0 0.1734375 0.83203125 0.146875 0.1796875
4 0.6515625 0.146875 0.15 0.1640625
2 0.46640625 0.16875 0.128125 0.15
1 0.85703125 0.57265625 0.140625 0.1515625
4 0.0453125 0.72578125 0.090625 0.1609375
3 0.28046875 0.23046875 0.159375 0.171875
4 0.075 0.49296875 0.14375 0.1578125
1 0.44765625 0.8046875 0.1421875 0.1625
3 0.51796875 0.59765625 0.1484375 0.178125
4 0.63203125 0.7359375 0.14375 0.1578125
2 0.23515625 0.61953125 0.1328125 0.1421875
4 0.95546875 0.23125 0.0890625 0.165625