0 0.3578125 0.12109375 0.14375 0.1765625
0 0.52265625 0.20859375 0.1625 0.19375
0 0.27421875 0.4203125 0.1703125 0.190625
0 0.48515625 0.43984375 0.1421875 0.1734375
3 0.3234375 0.92109375 0.109375 0.1515625
3 0.18828125 0.90625 0.1390625 0.159375
2 0.77421875 0.68203125 0.140625 0.1640625
0 0.0703125 0.2828125 0.140625 0.19375
2 0.54296875 0.86484375 0.10625 0.121875
2 0.67109375 0.14140625 0.1109375 0.128125
3 0.58671875 0.678125 0.1078125 0.1359375
3 0.95703125 0.79765625 0.0859375 0.1328125
1 0.8515625 0.05078125 0.121875 0.1015625
1 0.86015625 0.2375 0.13125 0.1546875
3 0.0984375 0.51796875 0.1359375 0.146875
1 0.14140625 0.71484375 0.13125 0.15
3 0.40234375 0.7046875 0.1265625 0.1515625
4 0.821875 0.46015625 0.1328125 0.1671875
4 0.2078125 0.17109375 0.1375 0.1578125
2 0.6546875 0.43515625 0.115625 0.146875