1 0.30703125 0.83203125 0.1234375 0.1609375
1 0.94921875 0.80625 0.1015625 0.15625
0 0.64921875 0.075 0.1171875 0.15
0 0.5078125 0.32265625 0.1671875 0.184375
0 0.46171875 0.7234375 0.15625 0.184375
0 0.88125 0.30703125 0.121875 0.1578125
0 0.90078125 0.60625 0.1265625 0.1828125
3 0.2421875 0.09921875 0.134375 0.1375
0 0.43046875 0.09921875 0.15625 0.1953125
3 0.21328125 0.303125 0.1234375 0.1625
4 0.71484375 0.74609375 0.1234375 0.1453125
0 0.26484375 0.6578125 0.1625 0.165625
3 0.45234375 0.50625 0.1375 0.1453125
2 0.640625 0.4890625 0.109375 0.1359375
3 0.07421875 0.1296875 0.121875 0.1390625
4 0.10234375 0.6765625 0.1359375 0.1578125
3 0.0609375 0.3109375 0.121875 0.14375
4 0.8859375 0.0609375 0.125 0.121875
4 0.7234375 0.28203125 0.115625 0.134375
1 0.153125 0.9 0.1203125 0.15625