1 0.66640625 0.890625 0.1265625 0.146875
0 0.26328125 0.24296875 0.171875 0.1890625
2 0.6046875 0.378125 0.109375 0.1296875
0 0.83671875 0.928125 0.1359375 0.14375
2 0.94765625 0.4859375 0.1046875 0.13125
3 0.94609375 0.28671875 0.1078125 0.1515625
1 0.346875 0.05625 0.140625 0.1125
0 0.0765625 0.74375 0.153125 0.19375
3 0.53671875 0.628125 0.1390625 0.1515625
0 0.66796875 0.1765625 0.15625 0.19375
2 0.19140625 0.76171875 0.115625 0.1296875
3 0.49453125 0.8390625 0.1234375 0.15625
1 0.83046875 0.20625 0.1234375 0.1546875
0 0.8546875 0.71328125 0.1390625 0.171875
2 0.1140625 0.51796875 0.13125 0.1515625
3 0.6796875 0.7 0.134375 0.15625
2 0.4109375 0.29453125 0.125 0.1546875
3 0.33515625 0.56015625 0.134375 0.1625
3 0.4984375 0.11796875 0.1296875 0.1375
3 0.7671875 0.4484375 0.121875 0.14375