1 0.1296875 0.2359375 0.134375 0.15
1 0.08046875 0.45859375 0.1171875 0.1375
1 0.49453125 0.78203125 0.14375 0.165625
0 0.66875 0.865625 0.1765625 0.1890625
2 0.85 0.125 0.1421875 0.1546875
2 0.80390625 0.565625 0.13125 0.1484375
3 0.47109375 0.3359375 0.1421875 0.165625
0 0.2875 0.1609375 0.1859375 0.209375
2 0.59375 0.18046875 0.1171875 0.140625
0 0.3265625 0.884375 0.1625 0.2140625
4 0.20703125 0.44453125 0.1328125 0.1609375
3 0.80390625 0.81640625 0.1359375 0.1484375
2 0.93828125 0.5375 0.1234375 0.16875
4 0.91171875 0.34921875 0.15 0.159375
2 0.1265625 0.69375 0.1359375 0.1640625
4 0.37578125 0.6234375 0.140625 0.159375
2 0.43671875 0.08515625 0.1453125 0.1703125
4 0.9375 0.796875 0.125 0.15625
3 0.73203125 0.346875 0.15 0.153125
4 0.56953125 0.5671875 0.1484375 0.1671875