1 0.61015625 0.15546875 0.1109375 0.1546875
3 0.7125 0.79765625 0.115625 0.159375
1 0.559375 0.92421875 0.1109375 0.1421875
0 0.25234375 0.12734375 0.1265625 0.153125
0 0.10625 0.16640625 0.1453125 0.15625
3 0.8234375 0.4640625 0.109375 0.1484375
0 0.125 0.41875 0.121875 0.153125
2 0.26015625 0.68359375 0.1015625 0.115625
4 0.2875 0.934375 0.115625 0.13125
0 0.4203125 0.6703125 0.1171875 0.1859375
0 0.1203125 0.9078125 0.1375 0.184375
0 0.45234375 0.11875 0.128125 0.159375
0 0.88359375 0.7265625 0.1125 0.1734375
4 0.0859375 0.67265625 0.121875 0.1515625
3 0.7046875 0.54296875 0.1140625 0.15
4 0.3046875 0.33515625 0.1140625 0.15625
4 0.91953125 0.09765625 0.1171875 0.1359375
4 0.91171875 0.27265625 0.1109375 0.134375
4 0.753125 0.23984375 0.1109375 0.1328125
1 0.53359375 0.428125 0.11875 0.15625