0 0.75 0.29453125 0.13671875 0.1734375
0 0.8984375 0.50625 0.140625 0.153125
0 0.91953125 0.31328125 0.13984375 0.165625
3 0.1421875 0.3640625 0.128125 0.1671875
4 0.32109375 0.5609375 0.11328125 0.125
0 0.4609375 0.60546875 0.1515625 0.1625
4 0.56171875 0.44453125 0.10703125 0.12109375
1 0.67109375 0.9265625 0.1234375 0.13828125
4 0.353125 0.84609375 0.13203125 0.13359375
1 0.93203125 0.1265625 0.11640625 0.13671875
2 0.584375 0.20859375 0.1140625 0.14921875
1 0.84921875 0.75078125 0.1140625 0.1625
1 0.7015625 0.4828125 0.1125 0.15
4 0.0875 0.86484375 0.10390625 0.1328125
2 0.9265625 0.92421875 0.09765625 0.1296875
2 0.1515625 0.634375 0.10546875 0.1375
1 0.3171875 0.3734375 0.1203125 0.1328125
1 0.2328125 0.15078125 0.11796875 0.13515625
4 0.63984375 0.72578125 0.12265625 0.1703125
4 0.39375 0.19453125 0.1140625 0.13515625