1 0.6296875 0.86328125 0.1390625 0.153125
0 0.63359375 0.253125 0.1453125 0.1421875
1 0.68828125 0.66171875 0.1234375 0.1375
0 0.4375 0.90390625 0.1390625 0.153125
0 0.675 0.44765625 0.1515625 0.1875
1 0.18984375 0.87734375 0.1109375 0.14375
2 0.03984375 0.859375 0.0796875 0.109375
0 0.8875 0.6671875 0.1625 0.1828125
1 0.33359375 0.11015625 0.1203125 0.1421875
0 0.08828125 0.5171875 0.1140625 0.1796875
0 0.934375 0.41640625 0.13125 0.1640625
3 0.234375 0.69765625 0.1265625 0.1578125
4 0.49921875 0.66484375 0.128125 0.140625
0 0.76171875 0.2875 0.1109375 0.1609375
4 0.9265625 0.21796875 0.1375 0.1609375
4 0.14921875 0.24609375 0.1265625 0.1484375
3 0.83515625 0.88359375 0.115625 0.1375
4 0.46640625 0.44921875 0.1359375 0.15625
0 0.2890625 0.36484375 0.165625 0.2046875
4 0.49921875 0.225 0.1234375 0.1328125