0 0.20078125 0.2046875 0.134375 0.15
0 0.56171875 0.18359375 0.1609375 0.1921875
0 0.88359375 0.12421875 0.1421875 0.1859375
1 0.92265625 0.875 0.128125 0.1609375
0 0.4515625 0.6578125 0.13125 0.1390625
4 0.11640625 0.69609375 0.11875 0.1375
4 0.69140625 0.61171875 0.1125 0.1234375
0 0.87265625 0.66875 0.1609375 0.196875
4 0.03984375 0.296875 0.0796875 0.121875
3 0.546875 0.40078125 0.1328125 0.15
2 0.10390625 0.4875 0.1390625 0.1578125
2 0.88515625 0.40234375 0.115625 0.15625
4 0.70234375 0.84921875 0.1296875 0.1546875
1 0.74921875 0.39609375 0.1265625 0.1453125
0 0.365625 0.1921875 0.1453125 0.1421875
4 0.72578125 0.2140625 0.146875 0.1640625
4 0.2953125 0.74296875 0.140625 0.1578125
1 0.49296875 0.93359375 0.1171875 0.1328125
3 0.26328125 0.5421875 0.109375 0.13125
4 0.13203125 0.94765625 0.1265625 0.1046875