1 0.26484375 0.81953125 0.1015625 0.12109375
1 0.59375 0.65859375 0.1109375 0.1421875
1 0.11640625 0.41484375 0.1140625 0.13203125
1 0.940625 0.14453125 0.11015625 0.14140625
1 0.24921875 0.4703125 0.103125 0.14296875
0 0.42890625 0.875 0.11015625 0.13984375
0 0.1046875 0.60234375 0.13828125 0.16015625
4 0.6625 0.459375 0.11015625 0.13046875
3 0.78671875 0.90703125 0.10078125 0.13984375
3 0.08984375 0.7734375 0.11015625 0.13671875
0 0.58671875 0.16171875 0.1359375 0.1859375
4 0.58828125 0.8953125 0.10625 0.11953125
3 0.40625 0.13125 0.11484375 0.1328125
0 0.76484375 0.67734375 0.1203125 0.1265625
2 0.7703125 0.2515625 0.12109375 0.128125
4 0.41640625 0.66953125 0.11328125 0.14765625
4 0.93671875 0.7921875 0.1171875 0.1421875
4 0.4125 0.35859375 0.11796875 0.1359375
4 0.91640625 0.50390625 0.12421875 0.15
2 0.1828125 0.1828125 0.09921875 0.11953125