1 0.7703125 0.7296875 0.1265625 0.14921875
0 0.76796875 0.3390625 0.13046875 0.146875
3 0.30546875 0.8953125 0.11328125 0.140625
0 0.590625 0.553125 0.13359375 0.17265625
4 0.95 0.146875 0.09765625 0.12890625
3 0.87265625 0.92109375 0.10234375 0.1046875
2 0.8421875 0.540625 0.115625 0.13515625
0 0.56015625 0.3484375 0.125 0.16171875
0 0.9359375 0.346875 0.128125 0.17578125
0 0.9078125 0.72265625 0.146875 0.17890625
3 0.1171875 0.22265625 0.1171875 0.1296875
0 0.30859375 0.6984375 0.11953125 0.15234375
2 0.78828125 0.165625 0.09140625 0.1203125
1 0.56328125 0.12734375 0.12265625 0.15390625
2 0.49765625 0.7375 0.10546875 0.1328125
4 0.09140625 0.5484375 0.11796875 0.1515625
4 0.11640625 0.86953125 0.11953125 0.15078125
1 0.2734375 0.37578125 0.11640625 0.15
4 0.71171875 0.925 0.11015625 0.14375
4 0.378125 0.178125 0.13671875 0.15078125