2 0.884375 0.3 0.1078125 0.1125
3 0.71328125 0.60390625 0.1203125 0.146875
1 0.58359375 0.103125 0.10625 0.121875
0 0.28046875 0.79375 0.1421875 0.1875
0 0.62109375 0.8921875 0.1203125 0.1515625
3 0.865625 0.9015625 0.1125 0.1484375
0 0.69453125 0.30078125 0.140625 0.175
0 0.140625 0.375 0.1453125 0.153125
1 0.471875 0.89765625 0.1109375 0.13125
0 0.52578125 0.371875 0.1140625 0.1859375
2 0.42578125 0.68984375 0.1109375 0.1296875
4 0.10234375 0.1796875 0.121875 0.146875
4 0.12109375 0.65078125 0.128125 0.1390625
2 0.9015625 0.721875 0.1140625 0.1296875
0 0.13671875 0.91328125 0.1546875 0.1734375
4 0.8171875 0.08515625 0.1203125 0.1484375
4 0.85703125 0.4875 0.134375 0.15625
0 0.34140625 0.4109375 0.1375 0.1875
3 0.44453125 0.165625 0.1109375 0.159375
4 0.29140625 0.17421875 0.1296875 0.1421875