1 0.79765625 0.678125 0.1296875 0.1453125
2 0.178125 0.91640625 0.121875 0.1234375
0 0.68515625 0.08125 0.1484375 0.1625
3 0.0828125 0.3953125 0.128125 0.153125
2 0.61796875 0.32109375 0.1234375 0.1328125
0 0.11875 0.6625 0.14375 0.1609375
1 0.1359375 0.16171875 0.1234375 0.1421875
0 0.35 0.88203125 0.13125 0.1828125
0 0.9359375 0.7078125 0.128125 0.184375
4 0.94375 0.48828125 0.1125 0.1515625
3 0.8671875 0.06328125 0.1375 0.1265625
4 0.45390625 0.38125 0.1265625 0.1421875
4 0.30546875 0.4328125 0.1390625 0.1578125
4 0.49453125 0.85078125 0.1296875 0.1421875
3 0.38984375 0.67265625 0.128125 0.15625
4 0.35546875 0.17890625 0.140625 0.1609375
4 0.63203125 0.82265625 0.134375 0.1703125
3 0.63828125 0.5015625 0.1484375 0.1515625
2 0.7859375 0.31015625 0.1140625 0.140625
4 0.5140625 0.1640625 0.128125 0.128125