1 0.4125 0.91171875 0.125 0.1453125
0 0.6296875 0.9125 0.1375 0.165625
2 0.1 0.29296875 0.125 0.128125
0 0.12890625 0.68125 0.1578125 0.175
0 0.70390625 0.10859375 0.134375 0.184375
2 0.88203125 0.09609375 0.125 0.134375
2 0.35703125 0.378125 0.10625 0.1125
0 0.1703125 0.4546875 0.14375 0.1453125
0 0.925 0.75078125 0.15 0.1921875
0 0.5515625 0.7125 0.1359375 0.14375
1 0.2546875 0.8578125 0.121875 0.146875
0 0.92890625 0.28203125 0.11875 0.184375
2 0.51640625 0.20390625 0.1203125 0.1390625
2 0.50546875 0.47109375 0.1125 0.14375
4 0.7 0.41640625 0.1359375 0.15
4 0.321875 0.11875 0.1203125 0.146875
3 0.93984375 0.5625 0.1203125 0.15
3 0.7625 0.646875 0.13125 0.1453125
3 0.79140625 0.88203125 0.11875 0.134375
4 0.3984375 0.73046875 0.1375 0.15625