1 0.825 0.796875 0.1375 0.1546875
2 0.7625 0.61796875 0.125 0.1375
0 0.190625 0.77578125 0.1625 0.1859375
1 0.17578125 0.9296875 0.1453125 0.140625
2 0.9609375 0.77734375 0.078125 0.1453125
3 0.48671875 0.10546875 0.1484375 0.159375
0 0.3484375 0.66484375 0.1546875 0.1828125
0 0.82265625 0.0796875 0.1328125 0.159375
2 0.21484375 0.4625 0.1484375 0.1609375
0 0.88984375 0.30546875 0.18125 0.2015625
2 0.58828125 0.7640625 0.1578125 0.1765625
4 0.62734375 0.05078125 0.1296875 0.1015625
2 0.53203125 0.56796875 0.1390625 0.1625
4 0.078125 0.5609375 0.1296875 0.1546875
4 0.38828125 0.9 0.1546875 0.1765625
2 0.4 0.38984375 0.134375 0.1578125
2 0.58828125 0.31875 0.134375 0.159375
4 0.06484375 0.165625 0.1296875 0.165625
3 0.90625 0.55546875 0.1125 0.1328125
3 0.33671875 0.1359375 0.153125 0.1640625