3 0.5640625 0.7015625 0.1046875 0.14765625
1 0.7125 0.64453125 0.103125 0.13046875
0 0.40625 0.70625 0.1453125 0.17578125
3 0.146875 0.3421875 0.10625 0.13984375
1 0.91328125 0.7703125 0.1140625 0.12734375
0 0.73203125 0.9015625 0.11015625 0.17109375
2 0.85078125 0.4375 0.11328125 0.12578125
0 0.925 0.1671875 0.128125 0.14765625
3 0.77265625 0.1265625 0.10234375 0.13359375
0 0.48984375 0.471875 0.115625 0.1515625
3 0.46171875 0.16484375 0.1 0.12890625
3 0.596875 0.23359375 0.103125 0.13984375
4 0.16015625 0.1625 0.10859375 0.13984375
3 0.284375 0.10703125 0.0953125 0.1265625
4 0.415625 0.92890625 0.10546875 0.140625
0 0.559375 0.90625 0.134375 0.15546875
2 0.70234375 0.4671875 0.1125 0.13125
4 0.30703125 0.3453125 0.12109375 0.14921875
4 0.14609375 0.58046875 0.12578125 0.1515625
4 0.21171875 0.778125 0.1171875 0.15078125