0 0.39921875 0.72890625 0.1203125 0.1625
1 0.28828125 0.92421875 0.125 0.13125
1 0.11328125 0.46875 0.1140625 0.128125
0 0.69140625 0.196875 0.15625 0.18125
4 0.28828125 0.16796875 0.1203125 0.134375
3 0.4546875 0.17890625 0.128125 0.15625
1 0.84609375 0.9109375 0.1203125 0.1546875
2 0.49765625 0.49921875 0.0984375 0.1265625
2 0.73359375 0.4703125 0.1203125 0.140625
2 0.0953125 0.88984375 0.1125 0.1328125
3 0.31875 0.4703125 0.121875 0.1328125
0 0.14453125 0.24375 0.115625 0.1796875
3 0.946875 0.48671875 0.10625 0.1328125
1 0.61484375 0.715625 0.13125 0.15
2 0.7671875 0.70078125 0.0953125 0.1265625
4 0.89296875 0.171875 0.13125 0.1546875
2 0.64921875 0.91171875 0.1015625 0.1421875
3 0.090625 0.69375 0.1140625 0.1421875
1 0.9125 0.64140625 0.11875 0.128125
4 0.234375 0.6984375 0.115625 0.1515625