0 0.7671875 0.35859375 0.13125 0.18515625
4 0.1671875 0.3078125 0.1296875 0.15546875
3 0.753125 0.14609375 0.1109375 0.1296875
4 0.928125 0.48671875 0.11328125 0.13515625
1 0.9171875 0.64765625 0.125 0.1421875
1 0.60859375 0.671875 0.11171875 0.15078125
1 0.37890625 0.74609375 0.1046875 0.12578125
2 0.603125 0.46171875 0.096875 0.11484375
1 0.603125 0.903125 0.121875 0.15234375
4 0.76640625 0.65625 0.11875 0.14375
2 0.76171875 0.85 0.1171875 0.128125
3 0.60390625 0.153125 0.10703125 0.12890625
4 0.16640625 0.88203125 0.12109375 0.140625
2 0.1609375 0.1078125 0.109375 0.128125
2 0.43203125 0.54453125 0.1171875 0.11953125
3 0.38125 0.13125 0.115625 0.14765625
2 0.40390625 0.29609375 0.11328125 0.1078125
4 0.915625 0.896875 0.09765625 0.121875
2 0.22421875 0.55859375 0.11796875 0.1375
2 0.90703125 0.13046875 0.11953125 0.15078125