1 0.278125 0.4171875 0.11484375 0.1328125
1 0.14921875 0.678125 0.11015625 0.13359375
2 0.0953125 0.8765625 0.1078125 0.121875
0 0.9015625 0.80390625 0.13828125 0.18671875
1 0.2765625 0.90546875 0.11328125 0.12578125
0 0.57421875 0.91640625 0.1515625 0.159375
3 0.33046875 0.63984375 0.12109375 0.134375
3 0.784375 0.371875 0.1109375 0.14765625
0 0.20390625 0.17109375 0.14453125 0.1625
1 0.928125 0.4578125 0.125 0.15625
2 0.46328125 0.11640625 0.10859375 0.1203125
1 0.11171875 0.43984375 0.10703125 0.1203125
0 0.7296875 0.90546875 0.12734375 0.17265625
0 0.41875 0.9109375 0.125 0.178125
3 0.425 0.3265625 0.0921875 0.13125
0 0.63671875 0.14375 0.13125 0.17890625
0 0.80546875 0.14453125 0.11640625 0.14296875
2 0.57265625 0.50078125 0.1 0.13046875
1 0.7375 0.71015625 0.1171875 0.13515625
4 0.54609375 0.725 0.11640625 0.12421875