0 0.84765625 0.51484375 0.159375 0.1828125
0 0.234375 0.41171875 0.153125 0.203125
0 0.67421875 0.75703125 0.146875 0.1765625
0 0.54921875 0.5265625 0.1453125 0.2078125
0 0.2421875 0.125 0.1359375 0.15
0 0.3078125 0.765625 0.1515625 0.1734375
0 0.79609375 0.9171875 0.1609375 0.165625
1 0.44375 0.11875 0.1265625 0.15
4 0.0890625 0.31015625 0.121875 0.1375
3 0.86484375 0.690625 0.1140625 0.1515625
4 0.40546875 0.38359375 0.1265625 0.140625
4 0.05390625 0.61953125 0.1078125 0.1359375
3 0.8828125 0.3109375 0.13125 0.1734375
3 0.08125 0.84609375 0.1296875 0.1546875
4 0.48515625 0.81328125 0.134375 0.146875
3 0.3984375 0.5734375 0.125 0.1453125
1 0.09921875 0.1046875 0.109375 0.14375
2 0.72890625 0.13203125 0.125 0.1375
2 0.56328125 0.33203125 0.1234375 0.1390625
3 0.6890625 0.56328125 0.1359375 0.153125