1 0.48828125 0.8984375 0.115625 0.13671875
2 0.9203125 0.2546875 0.1109375 0.121875
0 0.11328125 0.82734375 0.13203125 0.1546875
4 0.84609375 0.73671875 0.096875 0.1109375
2 0.09453125 0.43359375 0.09140625 0.10859375
0 0.55078125 0.4234375 0.1296875 0.1359375
3 0.2734375 0.9125 0.11484375 0.134375
3 0.640625 0.20625 0.11875 0.1390625
2 0.10703125 0.6296875 0.10234375 0.12890625
2 0.42734375 0.1234375 0.1234375 0.14296875
4 0.28828125 0.728125 0.1125 0.13359375
0 0.45078125 0.6109375 0.15546875 0.1875
2 0.2703125 0.51953125 0.103125 0.13515625
4 0.6375 0.69765625 0.11796875 0.1390625
1 0.76171875 0.534375 0.10390625 0.125
4 0.2375 0.1515625 0.12265625 0.159375
1 0.65546875 0.90859375 0.1234375 0.146875
4 0.8890625 0.92890625 0.12109375 0.14140625
4 0.9109375 0.48046875 0.115625 0.13359375
4 0.09375 0.17578125 0.11015625 0.13828125