0 0.546875 0.475 0.1328125 0.15234375
0 0.09921875 0.69296875 0.1171875 0.17265625
0 0.86875 0.19609375 0.15078125 0.1765625
0 0.88671875 0.7125 0.14765625 0.17421875
0 0.60703125 0.6953125 0.12578125 0.13828125
2 0.41953125 0.9265625 0.0953125 0.11796875
1 0.77578125 0.371875 0.13125 0.146875
2 0.72578125 0.77734375 0.10078125 0.12578125
1 0.3953125 0.421875 0.12421875 0.1390625
4 0.09140625 0.2796875 0.109375 0.13515625
3 0.91328125 0.5015625 0.10859375 0.1328125
4 0.54375 0.11953125 0.125 0.14140625
3 0.26640625 0.68125 0.1140625 0.13125
2 0.5890625 0.90078125 0.12265625 0.13515625
2 0.2328125 0.88203125 0.10703125 0.14765625
4 0.6921875 0.1375 0.1125 0.1375
3 0.746875 0.59609375 0.1078125 0.1390625
3 0.1125 0.47578125 0.11875 0.1375
2 0.428125 0.67265625 0.103125 0.1453125
0 0.3703125 0.1671875 0.121875 0.16796875