0 0.7140625 0.28359375 0.1640625 0.1875
0 0.87578125 0.55625 0.153125 0.178125
3 0.6328125 0.80078125 0.1296875 0.1609375
1 0.79921875 0.10625 0.1296875 0.146875
2 0.0890625 0.80078125 0.1265625 0.1453125
0 0.35390625 0.359375 0.159375 0.1765625
0 0.87421875 0.32421875 0.15625 0.1796875
0 0.80546875 0.715625 0.1640625 0.1875
2 0.1453125 0.06328125 0.121875 0.1265625
0 0.328125 0.0703125 0.146875 0.140625
1 0.50546875 0.075 0.115625 0.128125
3 0.7078125 0.5109375 0.1265625 0.1421875
0 0.56640625 0.33515625 0.1203125 0.13125
2 0.0984375 0.31328125 0.1125 0.125
4 0.54921875 0.5109375 0.1328125 0.15
4 0.34140625 0.65546875 0.1265625 0.1515625
3 0.43125 0.87734375 0.1265625 0.146875
3 0.875 0.940625 0.128125 0.11875
3 0.20234375 0.54921875 0.115625 0.134375
4 0.246875 0.85703125 0.128125 0.15625