0 0.8109375 0.3046875 0.1140625 0.1578125
0 0.921875 0.66953125 0.140625 0.159375
0 0.56328125 0.62734375 0.1578125 0.1875
4 0.865625 0.09921875 0.125 0.140625
4 0.31171875 0.23671875 0.1265625 0.1375
3 0.7390625 0.1046875 0.11875 0.1359375
1 0.546875 0.23984375 0.13125 0.159375
4 0.08984375 0.5203125 0.115625 0.1359375
3 0.7546875 0.86484375 0.13125 0.1578125
3 0.62109375 0.41875 0.1265625 0.1359375
3 0.121875 0.92734375 0.128125 0.1453125
2 0.74296875 0.66328125 0.1171875 0.1375
4 0.115625 0.728125 0.1296875 0.153125
2 0.90859375 0.86484375 0.1359375 0.140625
2 0.4546875 0.44296875 0.1046875 0.11875
2 0.89375 0.47890625 0.1125 0.1390625
2 0.31484375 0.7921875 0.11875 0.14375
2 0.46796875 0.878125 0.115625 0.134375
0 0.26171875 0.51328125 0.128125 0.1703125
3 0.08984375 0.28671875 0.1375 0.1515625