1 0.415625 0.35 0.11640625 0.13359375
1 0.5546875 0.63359375 0.1171875 0.15703125
3 0.86640625 0.9234375 0.11171875 0.1484375
4 0.93203125 0.225 0.1125 0.11796875
3 0.1515625 0.22890625 0.11328125 0.15390625
2 0.57578125 0.33828125 0.1046875 0.11171875
0 0.834375 0.7234375 0.12734375 0.15703125
0 0.1078125 0.74375 0.13125 0.1671875
3 0.25546875 0.590625 0.11484375 0.14921875
4 0.346875 0.1296875 0.12265625 0.1515625
0 0.42421875 0.6265625 0.1421875 0.15625
0 0.778125 0.32421875 0.128125 0.1640625
1 0.06640625 0.9125 0.103125 0.125
0 0.3640625 0.82265625 0.12578125 0.16640625
2 0.7203125 0.13984375 0.1 0.1296875
4 0.53125 0.84296875 0.12109375 0.16171875
4 0.68359375 0.9015625 0.13046875 0.15625
2 0.559375 0.12734375 0.08828125 0.12734375
2 0.80625 0.5328125 0.11171875 0.1484375
3 0.09296875 0.45234375 0.10234375 0.13515625