1 0.3421875 0.70234375 0.1328125 0.1625
1 0.7390625 0.3140625 0.1421875 0.1703125
0 0.80703125 0.15 0.16875 0.190625
2 0.2109375 0.0921875 0.1234375 0.1453125
2 0.68203125 0.853125 0.1296875 0.1359375
4 0.85390625 0.93828125 0.1390625 0.1234375
3 0.89375 0.721875 0.1140625 0.1375
0 0.10859375 0.4078125 0.153125 0.153125
2 0.484375 0.8296875 0.1375 0.1453125
1 0.284375 0.47734375 0.125 0.1484375
2 0.628125 0.09609375 0.1265625 0.1390625
0 0.92109375 0.49765625 0.1453125 0.1859375
2 0.36953125 0.06171875 0.1140625 0.1234375
4 0.10703125 0.60703125 0.121875 0.1390625
2 0.65 0.528125 0.13125 0.1625
4 0.9625 0.23203125 0.075 0.1796875
4 0.48359375 0.5046875 0.121875 0.1375
2 0.56015625 0.29296875 0.1265625 0.1609375
2 0.053125 0.80078125 0.10625 0.1890625
3 0.38046875 0.22421875 0.128125 0.13125