4 0.1078125 0.35703125 0.121875 0.13515625
1 0.56875 0.471875 0.11171875 0.12421875
0 0.31171875 0.58125 0.125 0.159375
4 0.21484375 0.11796875 0.11015625 0.121875
2 0.4140625 0.3453125 0.1125 0.1234375
1 0.90625 0.8703125 0.1140625 0.1359375
0 0.26171875 0.328125 0.13046875 0.1421875
4 0.103125 0.634375 0.09375 0.1203125
0 0.24765625 0.79921875 0.14375 0.16953125
0 0.0890625 0.80078125 0.12109375 0.1421875
3 0.90546875 0.68359375 0.10390625 0.134375
3 0.7328125 0.92421875 0.115625 0.12578125
0 0.91171875 0.15078125 0.1453125 0.171875
0 0.38828125 0.7828125 0.1203125 0.15625
3 0.5375 0.11328125 0.11796875 0.13984375
3 0.575 0.840625 0.1 0.1265625
2 0.35 0.0921875 0.1 0.13359375
0 0.76953125 0.27734375 0.1421875 0.15390625
1 0.73671875 0.6984375 0.121875 0.13125
1 0.8171875 0.52421875 0.11953125 0.1578125