0 0.5703125 0.38671875 0.1453125 0.184375
0 0.3 0.16953125 0.1265625 0.153125
0 0.90625 0.27421875 0.146875 0.203125
0 0.3296875 0.76328125 0.1375 0.1484375
0 0.4390625 0.171875 0.1328125 0.184375
1 0.78046875 0.6234375 0.128125 0.15625
2 0.9234375 0.0875 0.1125 0.121875
3 0.9296875 0.6125 0.121875 0.1640625
3 0.3421875 0.346875 0.1265625 0.1390625
3 0.6015625 0.81875 0.121875 0.153125
4 0.12734375 0.86953125 0.1265625 0.1484375
2 0.73359375 0.33125 0.125 0.15
4 0.6359375 0.0625 0.103125 0.125
2 0.90078125 0.83046875 0.109375 0.140625
2 0.46328125 0.8125 0.1078125 0.121875
2 0.365625 0.53515625 0.1296875 0.140625
4 0.19453125 0.3640625 0.1328125 0.146875
2 0.58515625 0.54765625 0.1078125 0.134375
4 0.1171875 0.115625 0.1265625 0.1734375
4 0.16171875 0.59296875 0.140625 0.15