0 0.63125 0.78203125 0.1390625 0.153125
0 0.89375 0.3265625 0.13125 0.159375
0 0.4359375 0.86328125 0.1296875 0.1609375
0 0.1640625 0.734375 0.109375 0.1609375
4 0.096875 0.9140625 0.1109375 0.128125
1 0.6265625 0.37421875 0.1046875 0.13125
1 0.25625 0.9109375 0.121875 0.134375
0 0.090625 0.11953125 0.1453125 0.1765625
3 0.93046875 0.12890625 0.115625 0.14375
1 0.80234375 0.509375 0.121875 0.1546875
3 0.2828125 0.48671875 0.121875 0.153125
3 0.27265625 0.278125 0.0953125 0.121875
1 0.81171875 0.70234375 0.109375 0.14375
3 0.89921875 0.90859375 0.1234375 0.1484375
3 0.45390625 0.35546875 0.125 0.1515625
4 0.6359375 0.58828125 0.109375 0.1296875
2 0.50234375 0.10859375 0.1046875 0.134375
4 0.11953125 0.553125 0.1296875 0.1421875
3 0.646875 0.13515625 0.1328125 0.14375
3 0.328125 0.6859375 0.13125 0.1390625