3 0.11640625 0.5140625 0.125 0.1421875
0 0.9078125 0.434375 0.1453125 0.171875
1 0.3421875 0.3703125 0.109375 0.1453125
1 0.3953125 0.125 0.11953125 0.14140625
0 0.27578125 0.6921875 0.1109375 0.12421875
0 0.21875 0.17265625 0.15625 0.17890625
1 0.73671875 0.8515625 0.11484375 0.14140625
2 0.56015625 0.5234375 0.10078125 0.1125
0 0.50078125 0.7390625 0.14609375 0.1765625
0 0.56484375 0.13125 0.13046875 0.1671875
0 0.121875 0.9171875 0.14140625 0.1546875
2 0.4671875 0.93046875 0.0953125 0.11640625
3 0.73046875 0.428125 0.1046875 0.13359375
4 0.10703125 0.72265625 0.1109375 0.1171875
4 0.7953125 0.665625 0.1015625 0.1234375
2 0.3078125 0.89921875 0.11796875 0.15078125
4 0.925 0.72890625 0.1125 0.125
2 0.846875 0.184375 0.0953125 0.1234375
4 0.93515625 0.93828125 0.1234375 0.1234375
1 0.578125 0.32734375 0.115625 0.1453125