2 0.67265625 0.57734375 0.1015625 0.12109375
3 0.67734375 0.34453125 0.12734375 0.14921875
0 0.28046875 0.88359375 0.10546875 0.1609375
0 0.43984375 0.83046875 0.1296875 0.1484375
2 0.54375 0.34609375 0.10234375 0.1125
3 0.83984375 0.31875 0.10703125 0.12734375
0 0.26640625 0.53046875 0.140625 0.15390625
0 0.08515625 0.62421875 0.15078125 0.1734375
3 0.61015625 0.80234375 0.10859375 0.13671875
2 0.565625 0.1203125 0.1078125 0.1296875
1 0.9328125 0.84609375 0.125 0.1640625
1 0.10390625 0.3203125 0.10078125 0.13359375
2 0.37734375 0.28046875 0.1 0.13515625
1 0.8890625 0.6234375 0.11875 0.1375
0 0.74765625 0.11171875 0.10546875 0.14296875
4 0.4390625 0.56328125 0.1 0.1265625
4 0.103125 0.8265625 0.10078125 0.1234375
4 0.17265625 0.12578125 0.13125 0.165625
2 0.7796875 0.853125 0.0921875 0.1265625
3 0.94375 0.12578125 0.10546875 0.134375