0 0.70234375 0.64765625 0.134375 0.165625
0 0.540625 0.22578125 0.1609375 0.165625
0 0.3734375 0.384375 0.1484375 0.1890625
0 0.59375 0.43359375 0.1890625 0.2078125
0 0.82109375 0.08828125 0.1578125 0.1765625
0 0.3734375 0.1546875 0.134375 0.1765625
4 0.521875 0.90546875 0.1546875 0.1625
1 0.8296875 0.57890625 0.125 0.1375
4 0.6671875 0.85 0.1453125 0.1625
3 0.86796875 0.25 0.15625 0.16875
1 0.22890625 0.475 0.1421875 0.171875
1 0.190625 0.7546875 0.1453125 0.1734375
3 0.86953125 0.76640625 0.1421875 0.153125
1 0.94375 0.4515625 0.1125 0.15625
1 0.1046875 0.54609375 0.1375 0.159375
1 0.66875 0.184375 0.1609375 0.1875
4 0.36171875 0.93359375 0.1546875 0.1328125
1 0.42421875 0.60859375 0.1265625 0.1390625
2 0.11328125 0.253125 0.1515625 0.165625
3 0.2046875 0.9609375 0.13125 0.078125