0 0.8859375 0.59140625 0.121875 0.16015625
0 0.90390625 0.85078125 0.11015625 0.17421875
0 0.215625 0.2171875 0.1484375 0.17734375
0 0.73125 0.5546875 0.1265625 0.15078125
0 0.48984375 0.1203125 0.14921875 0.16796875
0 0.90703125 0.39921875 0.1296875 0.1296875
1 0.4046875 0.41328125 0.10859375 0.12421875
0 0.67265625 0.75078125 0.13515625 0.17421875
3 0.24296875 0.85 0.13203125 0.16953125
4 0.5328125 0.4515625 0.11640625 0.1328125
2 0.33984375 0.19375 0.10234375 0.146875
2 0.07109375 0.525 0.1078125 0.125
3 0.68125 0.17421875 0.1171875 0.14453125
2 0.7140625 0.37265625 0.1171875 0.12421875
1 0.2171875 0.38828125 0.12109375 0.15078125
4 0.465625 0.859375 0.1171875 0.14296875
2 0.88671875 0.16484375 0.10390625 0.1265625
4 0.10234375 0.89453125 0.10703125 0.12734375
2 0.28828125 0.66171875 0.11875 0.15390625
2 0.47890625 0.67890625 0.09765625 0.140625