0 0.05546875 0.6703125 0.1109375 0.196875
0 0.1796875 0.25625 0.190625 0.2234375
0 0.71953125 0.9453125 0.1671875 0.109375
0 0.08984375 0.4296875 0.1546875 0.1796875
4 0.46484375 0.15390625 0.1390625 0.1515625
2 0.328125 0.72890625 0.11875 0.1265625
1 0.67421875 0.73046875 0.1578125 0.1640625
4 0.51640625 0.60625 0.1453125 0.1609375
3 0.16171875 0.06796875 0.1453125 0.1359375
1 0.7390625 0.15546875 0.1359375 0.1453125
2 0.97734375 0.22109375 0.0453125 0.1234375
3 0.2109375 0.6421875 0.1609375 0.184375
3 0.25859375 0.4765625 0.153125 0.18125
4 0.3171875 0.096875 0.14375 0.1546875
1 0.440625 0.921875 0.1296875 0.140625
4 0.903125 0.41953125 0.1359375 0.1578125
4 0.48046875 0.3671875 0.1484375 0.1578125
3 0.859375 0.6234375 0.1375 0.153125
4 0.6859375 0.390625 0.1578125 0.1734375
3 0.809375 0.81484375 0.128125 0.14375