1 0.9015625 0.6 0.10625 0.1140625
0 0.7609375 0.63828125 0.128125 0.1359375
0 0.61640625 0.10859375 0.1375 0.1578125
0 0.14609375 0.3046875 0.1453125 0.1625
3 0.7890625 0.0765625 0.1140625 0.1515625
2 0.07109375 0.0984375 0.1078125 0.1328125
0 0.7265625 0.4703125 0.1203125 0.1484375
2 0.4015625 0.3703125 0.115625 0.128125
0 0.58359375 0.42890625 0.1390625 0.184375
2 0.3609375 0.0734375 0.11875 0.1375
0 0.22890625 0.68515625 0.1390625 0.1375
3 0.55625 0.87109375 0.1234375 0.1328125
2 0.8796875 0.3265625 0.1171875 0.1171875
4 0.140625 0.884375 0.11875 0.153125
4 0.340625 0.87421875 0.109375 0.125
1 0.2234375 0.50546875 0.121875 0.13125
4 0.94140625 0.78828125 0.1171875 0.1359375
1 0.71953125 0.8671875 0.1125 0.1390625
4 0.5578125 0.68125 0.121875 0.134375
4 0.39921875 0.559375 0.1234375 0.1328125