1 0.54140625 0.14609375 0.12734375 0.1390625
1 0.4265625 0.47578125 0.11640625 0.134375
3 0.8984375 0.8859375 0.11015625 0.15
0 0.10390625 0.32890625 0.14609375 0.17890625
1 0.940625 0.3171875 0.11875 0.15
0 0.67890625 0.7140625 0.1203125 0.14609375
0 0.54609375 0.8875 0.11328125 0.16015625
0 0.78984375 0.47890625 0.1296875 0.165625
4 0.74140625 0.9125 0.1015625 0.12890625
0 0.27578125 0.33203125 0.10703125 0.171875
2 0.3484375 0.84765625 0.10859375 0.15546875
0 0.8390625 0.69453125 0.10390625 0.1515625
3 0.49609375 0.665625 0.11328125 0.1609375
3 0.1546875 0.9109375 0.115625 0.13203125
0 0.240625 0.13984375 0.14375 0.17578125
1 0.5796875 0.409375 0.10859375 0.13515625
0 0.18359375 0.70234375 0.1015625 0.11875
4 0.19375 0.53046875 0.1015625 0.12890625
2 0.8546875 0.125 0.10234375 0.13203125
0 0.72421875 0.16875 0.12734375 0.16875