0 0.89375 0.3484375 0.1234375 0.1578125
1 0.74453125 0.15859375 0.1203125 0.134375
0 0.86171875 0.83984375 0.165625 0.1734375
4 0.3125 0.79296875 0.125 0.15625
2 0.2671875 0.36640625 0.109375 0.13125
1 0.54375 0.171875 0.1296875 0.1421875
4 0.06796875 0.50703125 0.1359375 0.1671875
2 0.2046875 0.1609375 0.1203125 0.1328125
1 0.2265625 0.5578125 0.125 0.15625
2 0.65390625 0.35703125 0.1328125 0.1390625
3 0.61796875 0.790625 0.1265625 0.1484375
3 0.3953125 0.21015625 0.1453125 0.15625
1 0.0609375 0.25078125 0.121875 0.1546875
3 0.559375 0.61171875 0.146875 0.1828125
3 0.90234375 0.58828125 0.134375 0.159375
2 0.475 0.88671875 0.1265625 0.15
2 0.4046875 0.53125 0.13125 0.1609375
2 0.1578125 0.94765625 0.121875 0.1046875
2 0.71953125 0.578125 0.134375 0.159375
4 0.1359375 0.75078125 0.1140625 0.1609375