1 0.4890625 0.67265625 0.1296875 0.146875
2 0.496875 0.85390625 0.121875 0.13125
2 0.30234375 0.6203125 0.1234375 0.140625
0 0.81796875 0.91171875 0.1390625 0.1765625
3 0.7546875 0.5953125 0.1421875 0.171875
4 0.221875 0.35625 0.1546875 0.159375
2 0.16484375 0.0546875 0.1234375 0.109375
0 0.37421875 0.15546875 0.1609375 0.1984375
4 0.59140625 0.49140625 0.134375 0.153125
0 0.38984375 0.44765625 0.128125 0.175
0 0.81171875 0.41484375 0.140625 0.16875
3 0.14140625 0.62109375 0.1296875 0.1484375
0 0.63671875 0.8140625 0.153125 0.20625
3 0.4984375 0.22890625 0.121875 0.1375
1 0.67265625 0.2890625 0.125 0.1546875
1 0.2734375 0.84140625 0.1484375 0.1734375
4 0.715625 0.12578125 0.13125 0.1453125
3 0.88984375 0.6984375 0.125 0.146875
2 0.0484375 0.8390625 0.096875 0.13125
4 0.91328125 0.2140625 0.1328125 0.1609375