0 0.478125 0.334375 0.1171875 0.1625
0 0.36953125 0.83828125 0.1265625 0.178125
0 0.1109375 0.33671875 0.1328125 0.14375
0 0.11484375 0.09609375 0.140625 0.16875
4 0.3921875 0.60625 0.1375 0.14375
1 0.78671875 0.6390625 0.121875 0.146875
1 0.7953125 0.4109375 0.1421875 0.1625
3 0.640625 0.65234375 0.121875 0.153125
1 0.10703125 0.55 0.1234375 0.1421875
1 0.828125 0.93984375 0.134375 0.1203125
1 0.92890625 0.18515625 0.1140625 0.1359375
2 0.65390625 0.41953125 0.1140625 0.128125
3 0.553125 0.82421875 0.1296875 0.1578125
3 0.609375 0.1421875 0.1390625 0.153125
4 0.3328125 0.1765625 0.1328125 0.1484375
1 0.68359375 0.92265625 0.1078125 0.134375
1 0.7671875 0.19765625 0.1296875 0.1515625
2 0.20859375 0.87109375 0.1234375 0.1453125
1 0.3 0.41015625 0.1296875 0.1640625
2 0.04765625 0.8 0.0953125 0.140625