1 0.2234375 0.76875 0.12265625 0.1546875
2 0.38515625 0.58828125 0.1046875 0.12421875
1 0.55 0.75078125 0.11484375 0.15625
2 0.9265625 0.8453125 0.0953125 0.10859375
1 0.37890625 0.86328125 0.11953125 0.1484375
0 0.728125 0.49765625 0.14765625 0.16640625
3 0.9375 0.16875 0.115625 0.15703125
0 0.590625 0.17734375 0.14609375 0.16796875
0 0.53515625 0.5828125 0.14375 0.1671875
4 0.3140625 0.36953125 0.1 0.12890625
4 0.2453125 0.575 0.1125 0.128125
3 0.21953125 0.1921875 0.1 0.1171875
4 0.0828125 0.475 0.10703125 0.13203125
0 0.44921875 0.15625 0.11875 0.1625
2 0.47421875 0.384375 0.11015625 0.140625
2 0.715625 0.8875 0.10625 0.1359375
3 0.93671875 0.43828125 0.1046875 0.134375
3 0.8765625 0.61875 0.10859375 0.1359375
4 0.78125 0.16796875 0.11953125 0.15546875
3 0.73125 0.6453125 0.0953125 0.125