1 0.7703125 0.28203125 0.11328125 0.13125
2 0.1234375 0.13203125 0.10703125 0.11015625
0 0.74140625 0.8890625 0.1296875 0.146875
3 0.1015625 0.66171875 0.11015625 0.1390625
2 0.64140625 0.6609375 0.1078125 0.11953125
0 0.1 0.3921875 0.12421875 0.14453125
1 0.18671875 0.8859375 0.10703125 0.12890625
0 0.2984375 0.1421875 0.109375 0.16875
0 0.9125 0.23125 0.12421875 0.16796875
4 0.946875 0.4484375 0.10625 0.13828125
3 0.92734375 0.903125 0.1171875 0.15703125
4 0.47109375 0.62421875 0.11015625 0.128125
4 0.31640625 0.59375 0.12109375 0.1421875
4 0.44609375 0.153125 0.11328125 0.12734375
3 0.3671875 0.34453125 0.109375 0.1421875
4 0.4015625 0.83828125 0.12109375 0.14609375
4 0.5859375 0.16171875 0.1140625 0.15625
3 0.63671875 0.47890625 0.13046875 0.13515625
2 0.809375 0.6484375 0.09765625 0.12890625
4 0.5609375 0.83046875 0.1140625 0.1140625