0 0.18984375 0.1765625 0.1625 0.1875
0 0.646875 0.7015625 0.175 0.196875
0 0.365625 0.06796875 0.146875 0.1359375
0 0.36796875 0.209375 0.178125 0.19375
0 0.58125 0.36171875 0.159375 0.171875
2 0.7921875 0.265625 0.1265625 0.1359375
1 0.11796875 0.771875 0.1359375 0.1640625
4 0.71328125 0.44921875 0.1296875 0.14375
0 0.3953125 0.7640625 0.165625 0.1671875
4 0.52734375 0.8859375 0.14375 0.1546875
1 0.69609375 0.88515625 0.1578125 0.165625
2 0.20078125 0.5875 0.134375 0.1546875
3 0.5125 0.55234375 0.1265625 0.140625
2 0.8546875 0.57421875 0.1265625 0.1421875
3 0.8078125 0.740625 0.15625 0.1625
4 0.20703125 0.0375 0.1546875 0.075
4 0.0734375 0.4109375 0.146875 0.18125
4 0.2578125 0.403125 0.146875 0.1640625
3 0.653125 0.165625 0.140625 0.15625
2 0.93828125 0.35390625 0.1234375 0.1765625