3 0.790625 0.21328125 0.10078125 0.14609375
1 0.921875 0.14921875 0.11640625 0.13984375
1 0.63515625 0.1796875 0.12578125 0.1421875
0 0.0953125 0.39765625 0.1515625 0.14765625
0 0.7671875 0.878125 0.140625 0.18046875
2 0.11328125 0.90078125 0.10078125 0.11484375
4 0.93984375 0.9171875 0.11875 0.12890625
0 0.7484375 0.4359375 0.13203125 0.16015625
2 0.58515625 0.61328125 0.13359375 0.16015625
2 0.1046875 0.58984375 0.11484375 0.1328125
4 0.3640625 0.73515625 0.12109375 0.1453125
2 0.43515625 0.29375 0.10625 0.14609375
2 0.6265625 0.83203125 0.115625 0.134375
2 0.41953125 0.9328125 0.10703125 0.134375
1 0.76640625 0.63359375 0.10546875 0.1359375
4 0.58203125 0.36171875 0.11796875 0.14921875
3 0.89765625 0.45703125 0.1 0.13046875
2 0.284375 0.18359375 0.103125 0.1375
4 0.35625 0.478125 0.12421875 0.153125
4 0.1 0.20703125 0.1125 0.13828125