1 0.609375 0.3453125 0.11953125 0.1359375
0 0.43828125 0.4078125 0.11640625 0.18203125
0 0.51953125 0.62734375 0.14453125 0.17265625
4 0.76015625 0.13046875 0.10234375 0.11171875
3 0.15625 0.734375 0.125 0.14453125
0 0.37421875 0.1078125 0.11484375 0.1796875
2 0.6859375 0.7484375 0.11328125 0.13984375
3 0.86875 0.77265625 0.12890625 0.15
2 0.59140625 0.1546875 0.096875 0.1328125
4 0.27265625 0.5 0.11953125 0.1375
3 0.10546875 0.45546875 0.1171875 0.15703125
1 0.33828125 0.72109375 0.1296875 0.15625
2 0.740625 0.325 0.09765625 0.13125
2 0.23984375 0.92578125 0.11171875 0.13046875
4 0.89921875 0.46171875 0.13046875 0.13203125
4 0.68203125 0.54375 0.1140625 0.1390625
4 0.16875 0.20078125 0.121875 0.13515625
1 0.63125 0.90234375 0.1078125 0.109375
1 0.9125 0.17890625 0.1078125 0.1578125