1 0.42265625 0.4734375 0.153125 0.16875
1 0.9078125 0.58671875 0.1515625 0.171875
1 0.45546875 0.24765625 0.1390625 0.165625
3 0.30625 0.63203125 0.146875 0.1734375
1 0.58203125 0.07265625 0.1328125 0.1453125
1 0.08515625 0.78203125 0.1390625 0.1578125
3 0.86875 0.77734375 0.1484375 0.165625
3 0.71796875 0.2421875 0.134375 0.1671875
2 0.43125 0.82421875 0.146875 0.1453125
3 0.62578125 0.8 0.134375 0.1671875
2 0.1453125 0.58203125 0.1421875 0.159375
3 0.2078125 0.03828125 0.140625 0.0765625
2 0.946875 0.19140625 0.10625 0.1484375
2 0.3140625 0.1359375 0.146875 0.16875
4 0.14375 0.34765625 0.1671875 0.1953125
0 0.59609375 0.51953125 0.1453125 0.1875
4 0.759375 0.928125 0.15 0.14375
2 0.2640625 0.83515625 0.128125 0.1578125
4 0.75234375 0.6140625 0.15 0.184375
1 0.828125 0.39609375 0.1515625 0.1625