1 0.76328125 0.58125 0.09609375 0.1203125
1 0.61171875 0.57734375 0.1015625 0.13671875
2 0.2578125 0.5328125 0.1 0.1140625
2 0.25546875 0.33203125 0.109375 0.11953125
3 0.45390625 0.81015625 0.1203125 0.13984375
0 0.24609375 0.10546875 0.13671875 0.1671875
0 0.9453125 0.57734375 0.109375 0.1359375
0 0.56640625 0.3796875 0.12890625 0.140625
1 0.8234375 0.1609375 0.11875 0.13046875
0 0.096875 0.52421875 0.1375 0.1546875
2 0.8609375 0.78828125 0.096875 0.11875
0 0.09921875 0.178125 0.134375 0.1890625
0 0.775 0.34453125 0.1140625 0.1328125
1 0.93203125 0.39609375 0.115625 0.146875
4 0.409375 0.20234375 0.12421875 0.16484375
4 0.4234375 0.528125 0.10234375 0.1265625
2 0.2734375 0.76875 0.109375 0.1234375
4 0.56875 0.1609375 0.1140625 0.1421875
4 0.68828125 0.80078125 0.115625 0.13046875
3 0.12578125 0.8765625 0.1140625 0.14140625