1 0.12890625 0.25234375 0.1359375 0.15
2 0.61875 0.128125 0.0953125 0.1078125
1 0.253125 0.7265625 0.121875 0.134375
3 0.46328125 0.1125 0.125 0.1609375
0 0.77265625 0.865625 0.1421875 0.153125
3 0.8390625 0.365625 0.115625 0.15
2 0.8046875 0.1140625 0.121875 0.1453125
2 0.43046875 0.8859375 0.1078125 0.1265625
0 0.50859375 0.31484375 0.134375 0.1625
3 0.06796875 0.815625 0.115625 0.125
0 0.1609375 0.0703125 0.13125 0.140625
2 0.7453125 0.6046875 0.13125 0.1359375
0 0.36171875 0.328125 0.1421875 0.1671875
0 0.309375 0.1265625 0.1328125 0.16875
0 0.6109375 0.83984375 0.1375 0.1546875
0 0.66953125 0.3796875 0.1578125 0.178125
3 0.44453125 0.66328125 0.11875 0.153125
3 0.96484375 0.115625 0.0703125 0.153125
3 0.11484375 0.49375 0.10625 0.1328125
4 0.90234375 0.66171875 0.13125 0.14375