0 0.39296875 0.0765625 0.1359375 0.153125
0 0.65546875 0.90390625 0.1453125 0.1484375
4 0.15234375 0.07578125 0.1515625 0.1515625
0 0.70625 0.55078125 0.1625 0.1921875
0 0.8765625 0.55 0.1703125 0.1875
0 0.13671875 0.25859375 0.1828125 0.1890625
0 0.93046875 0.16796875 0.1390625 0.1703125
1 0.5140625 0.8296875 0.1296875 0.15
4 0.07578125 0.73359375 0.1265625 0.1453125
4 0.77109375 0.315625 0.134375 0.140625
4 0.26171875 0.7703125 0.1359375 0.1625
4 0.8296875 0.86328125 0.1375 0.146875
4 0.06796875 0.52109375 0.1359375 0.1578125
2 0.9296875 0.37265625 0.140625 0.153125
4 0.77421875 0.14609375 0.1375 0.146875
1 0.3015625 0.296875 0.1203125 0.146875
3 0.5203125 0.60703125 0.15 0.1625
3 0.60859375 0.11015625 0.13125 0.140625
4 0.46171875 0.31328125 0.1546875 0.1734375
2 0.29453125 0.49140625 0.125 0.15