1 0.3265625 0.33515625 0.11796875 0.125
1 0.16484375 0.62734375 0.11171875 0.13203125
1 0.09296875 0.42109375 0.10625 0.1375
3 0.3015625 0.1375 0.1015625 0.11796875
0 0.64296875 0.70546875 0.125 0.13984375
0 0.65703125 0.2953125 0.1421875 0.1546875
2 0.0953125 0.87109375 0.1078125 0.12265625
0 0.48203125 0.33359375 0.1390625 0.1796875
0 0.6734375 0.88828125 0.1265625 0.146875
2 0.92890625 0.1765625 0.10859375 0.1171875
0 0.4890625 0.79921875 0.1265625 0.13828125
3 0.15390625 0.12109375 0.1 0.14453125
4 0.9109375 0.3921875 0.13203125 0.14296875
2 0.31953125 0.653125 0.1109375 0.13515625
3 0.91796875 0.88671875 0.10625 0.140625
2 0.80390625 0.61640625 0.125 0.13125
4 0.33828125 0.90625 0.11328125 0.12734375
2 0.78671875 0.1296875 0.1109375 0.14140625
2 0.48671875 0.5765625 0.10078125 0.13515625
1 0.46328125 0.12734375 0.1203125 0.13359375