0 0.70703125 0.7234375 0.1578125 0.1828125
0 0.87734375 0.45703125 0.1484375 0.1734375
3 0.64296875 0.20390625 0.125 0.1578125
1 0.78515625 0.90390625 0.125 0.1421875
2 0.1 0.18515625 0.121875 0.1421875
0 0.34921875 0.63515625 0.1546875 0.171875
0 0.86796875 0.6890625 0.15 0.175
0 0.81328125 0.29453125 0.1578125 0.1828125
2 0.13125 0.925 0.11875 0.125
0 0.31171875 0.92734375 0.1421875 0.1453125
1 0.490625 0.925 0.1125 0.125
3 0.7078125 0.49609375 0.1234375 0.1390625
0 0.56015625 0.6671875 0.115625 0.128125
2 0.0921875 0.67265625 0.109375 0.121875
4 0.54921875 0.49140625 0.128125 0.1453125
4 0.346875 0.3390625 0.121875 0.1484375
3 0.44453125 0.1203125 0.121875 0.1421875
3 0.88984375 0.06484375 0.1234375 0.1296875
3 0.2046875 0.440625 0.1125 0.13125
4 0.26015625 0.134375 0.1234375 0.1515625