1 0.47734375 0.140625 0.1109375 0.1390625
3 0.65859375 0.15625 0.103125 0.13125
1 0.38359375 0.9109375 0.121875 0.159375
0 0.89609375 0.678125 0.1484375 0.184375
0 0.69609375 0.3453125 0.128125 0.14921875
0 0.74140625 0.553125 0.14375 0.1453125
2 0.89765625 0.28203125 0.1109375 0.12109375
2 0.8984375 0.4671875 0.09453125 0.12109375
2 0.12421875 0.4859375 0.09375 0.1265625
2 0.22890625 0.90078125 0.11640625 0.1328125
2 0.30234375 0.45234375 0.11015625 0.1390625
0 0.3125 0.68515625 0.1265625 0.17109375
2 0.915625 0.9046875 0.11328125 0.13515625
0 0.47265625 0.69453125 0.128125 0.16328125
3 0.30078125 0.15703125 0.109375 0.13125
2 0.15078125 0.68203125 0.10625 0.11484375
3 0.54296875 0.34296875 0.10234375 0.11328125
4 0.55390625 0.878125 0.11640625 0.13828125
2 0.08046875 0.21796875 0.11953125 0.16484375
4 0.7046875 0.7765625 0.1109375 0.1265625