1 0.70390625 0.88984375 0.1296875 0.15
2 0.70625 0.7 0.1171875 0.13125
0 0.11484375 0.653125 0.153125 0.178125
1 0.0578125 0.80078125 0.115625 0.1484375
2 0.8625 0.92734375 0.1234375 0.140625
3 0.621875 0.12421875 0.140625 0.153125
0 0.30078125 0.603125 0.1453125 0.1765625
0 0.94375 0.21171875 0.1125 0.1609375
2 0.24453125 0.3671875 0.140625 0.1546875
0 0.9234375 0.45 0.153125 0.19375
2 0.4921875 0.778125 0.1484375 0.16875
4 0.78125 0.1 0.121875 0.14375
2 0.50703125 0.575 0.13125 0.1578125
4 0.0828125 0.41328125 0.121875 0.15
4 0.25859375 0.8375 0.1453125 0.1703125
2 0.44375 0.36171875 0.1265625 0.1515625
2 0.6453125 0.36015625 0.125 0.1546875
4 0.2 0.05703125 0.13125 0.1140625
3 0.8625 0.69140625 0.1046875 0.128125
3 0.4703125 0.10234375 0.1453125 0.15625