1 0.6609375 0.85078125 0.128125 0.1421875
0 0.61171875 0.2421875 0.134375 0.13125
1 0.7015625 0.64453125 0.1125 0.128125
0 0.47265625 0.9078125 0.128125 0.14375
0 0.66953125 0.4328125 0.1359375 0.1765625
1 0.22421875 0.903125 0.1 0.1359375
2 0.059375 0.89921875 0.0984375 0.1015625
0 0.90078125 0.6328125 0.1484375 0.171875
1 0.3 0.12578125 0.109375 0.134375
0 0.09140625 0.553125 0.1 0.171875
0 0.9265625 0.3796875 0.11875 0.1546875
3 0.25234375 0.7203125 0.1140625 0.146875
4 0.51328125 0.6640625 0.1171875 0.13125
0 0.7421875 0.265625 0.096875 0.153125
4 0.9 0.18203125 0.125 0.15
4 0.128125 0.27734375 0.115625 0.1375
3 0.8671875 0.853125 0.10625 0.128125
4 0.4625 0.45234375 0.1234375 0.1453125
0 0.278125 0.38359375 0.15 0.19375
4 0.475 0.22578125 0.1125 0.1234375