0 0.46015625 0.53515625 0.1640625 0.178125
0 0.846875 0.221875 0.153125 0.1953125
0 0.209375 0.87890625 0.1859375 0.20625
0 0.08359375 0.3796875 0.1671875 0.203125
0 0.3515625 0.33359375 0.153125 0.1625
2 0.4828125 0.0671875 0.11875 0.134375
1 0.26015625 0.68671875 0.1609375 0.171875
2 0.21796875 0.28046875 0.1265625 0.1453125
1 0.61953125 0.55234375 0.1515625 0.1640625
4 0.9390625 0.621875 0.121875 0.15625
3 0.096875 0.59140625 0.1359375 0.153125
4 0.54296875 0.88046875 0.153125 0.165625
3 0.68671875 0.27109375 0.140625 0.153125
2 0.3234375 0.1296875 0.15 0.159375
2 0.6734375 0.07578125 0.1375 0.1515625
4 0.39453125 0.89609375 0.140625 0.159375
3 0.2375 0.46171875 0.1359375 0.159375
3 0.8828125 0.43671875 0.146875 0.1609375
2 0.53125 0.315625 0.1328125 0.1640625
0 0.7015625 0.7953125 0.15625 0.190625