0 0.09765625 0.4578125 0.14375 0.18046875
0 0.39296875 0.48125 0.14296875 0.184375
0 0.2984375 0.228125 0.140625 0.16484375
0 0.10390625 0.75625 0.13203125 0.13359375
0 0.128125 0.1140625 0.1453125 0.1640625
0 0.6734375 0.76796875 0.13671875 0.1515625
3 0.8890625 0.3390625 0.11875 0.13515625
3 0.84453125 0.86875 0.11484375 0.13125
2 0.5546875 0.46328125 0.09453125 0.10859375
4 0.5109375 0.8796875 0.12578125 0.1375
2 0.24453125 0.49921875 0.09296875 0.13671875
4 0.71953125 0.11953125 0.11796875 0.13671875
2 0.265625 0.9234375 0.10078125 0.11484375
2 0.25625 0.73359375 0.0984375 0.13359375
4 0.725 0.40625 0.12734375 0.1390625
3 0.1109375 0.9265625 0.1140625 0.1375
1 0.453125 0.68125 0.11328125 0.13828125
2 0.884375 0.1046875 0.10859375 0.1421875
2 0.47265625 0.1734375 0.1140625 0.13125
2 0.83359375 0.6203125 0.10703125 0.1265625