4 0.0859375 0.55078125 0.1484375 0.159375
1 0.5609375 0.54296875 0.1375 0.146875
0 0.33515625 0.378125 0.1578125 0.1828125
4 0.1359375 0.8078125 0.134375 0.14375
2 0.38125 0.63125 0.1375 0.1453125
1 0.95390625 0.23046875 0.0921875 0.1578125
0 0.22890625 0.6140625 0.159375 0.1671875
4 0.14375 0.2796875 0.11875 0.1390625
0 0.32109375 0.1515625 0.178125 0.196875
0 0.1671875 0.11484375 0.15 0.165625
3 0.93515625 0.41171875 0.1296875 0.1546875
3 0.82265625 0.1390625 0.140625 0.1484375
0 0.82265625 0.91640625 0.1796875 0.1671875
0 0.4546875 0.19921875 0.153125 0.1796875
3 0.44921875 0.88515625 0.146875 0.1625
3 0.65 0.18515625 0.1265625 0.1453125
2 0.26171875 0.86328125 0.128125 0.153125
0 0.7125 0.77734375 0.1734375 0.18125
1 0.775 0.36015625 0.1484375 0.1546875
1 0.81484375 0.54765625 0.1515625 0.18125