0 0.39140625 0.8703125 0.165625 0.1953125
2 0.30546875 0.1515625 0.1328125 0.1359375
0 0.525 0.28046875 0.1546875 0.18125
0 0.58203125 0.4875 0.16875 0.178125
0 0.06484375 0.428125 0.1296875 0.1875
0 0.38671875 0.36484375 0.16875 0.2125
3 0.1140625 0.7296875 0.1359375 0.1484375
2 0.734375 0.3953125 0.115625 0.1265625
0 0.4515625 0.09921875 0.175 0.1984375
1 0.83828125 0.6171875 0.1578125 0.165625
0 0.23125 0.92265625 0.15 0.1546875
4 0.6484375 0.66171875 0.1453125 0.1625
1 0.73984375 0.19296875 0.134375 0.1453125
3 0.228125 0.3703125 0.1375 0.1625
2 0.359375 0.65 0.134375 0.16875
4 0.89453125 0.4046875 0.1484375 0.178125
1 0.78828125 0.8421875 0.1421875 0.1609375
1 0.94609375 0.7890625 0.1078125 0.1375
1 0.6078125 0.8453125 0.134375 0.153125
1 0.109375 0.1640625 0.1515625 0.1671875