0 0.3203125 0.8796875 0.15 0.1625
0 0.66640625 0.7765625 0.1828125 0.2078125
0 0.953125 0.721875 0.09375 0.2
1 0.76796875 0.04453125 0.1453125 0.0890625
0 0.40078125 0.36875 0.146875 0.153125
4 0.071875 0.446875 0.1328125 0.1484375
4 0.6421875 0.3296875 0.1265625 0.1359375
0 0.7921875 0.2140625 0.1828125 0.2125
4 0.125 0.853125 0.1203125 0.1328125
3 0.578125 0.57734375 0.15 0.1625
2 0.13203125 0.64765625 0.15625 0.1703125
2 0.8953125 0.46015625 0.1328125 0.1671875
4 0.57109375 0.10234375 0.146875 0.1671875
1 0.76953125 0.5125 0.1421875 0.1578125
0 0.47890625 0.83515625 0.159375 0.1578125
4 0.81015625 0.69140625 0.1640625 0.178125
4 0.22421875 0.34140625 0.1578125 0.171875
1 0.34453125 0.090625 0.1328125 0.15
3 0.26328125 0.54140625 0.125 0.1421875
4 0.0328125 0.1859375 0.065625 0.153125