1 0.07890625 0.89375 0.10546875 0.11875
1 0.90703125 0.69765625 0.12109375 0.14140625
4 0.25390625 0.90703125 0.1078125 0.11953125
3 0.75546875 0.91171875 0.1109375 0.13671875
4 0.13828125 0.6859375 0.11015625 0.1265625
3 0.74921875 0.26015625 0.10859375 0.15234375
1 0.89921875 0.92109375 0.09765625 0.12890625
2 0.509375 0.31015625 0.109375 0.11875
0 0.56875 0.49609375 0.1421875 0.18125
0 0.840625 0.478125 0.13984375 0.1671875
0 0.3375 0.16328125 0.14375 0.15703125
0 0.38359375 0.65234375 0.1109375 0.16640625
2 0.42578125 0.84140625 0.0984375 0.115625
0 0.59140625 0.8046875 0.146875 0.1609375
4 0.76875 0.71875 0.10625 0.12265625
3 0.3296875 0.4203125 0.10078125 0.1234375
4 0.0921875 0.39609375 0.11640625 0.15546875
2 0.5078125 0.1375 0.10234375 0.1453125
4 0.89921875 0.30234375 0.11484375 0.140625
1 0.14140625 0.19609375 0.115625 0.14453125