0 0.134375 0.784375 0.1671875 0.1828125
0 0.12578125 0.57734375 0.159375 0.209375
0 0.82734375 0.859375 0.159375 0.196875
0 0.51953125 0.2671875 0.15 0.1625
0 0.56640625 0.45078125 0.15625 0.1875
0 0.09609375 0.30703125 0.1375 0.1390625
0 0.30859375 0.68203125 0.134375 0.1625
0 0.29765625 0.475 0.1609375 0.2
0 0.64921875 0.8203125 0.15625 0.2
1 0.81796875 0.63984375 0.1390625 0.15
2 0.746875 0.42265625 0.10625 0.1390625
1 0.75234375 0.24765625 0.1109375 0.1484375
3 0.11171875 0.12890625 0.1390625 0.15625
2 0.4703125 0.9109375 0.1171875 0.134375
1 0.80625 0.0578125 0.125 0.115625
0 0.353125 0.25703125 0.1359375 0.1828125
3 0.33359375 0.909375 0.134375 0.1546875
3 0.90859375 0.4109375 0.15 0.171875
3 0.59375 0.06953125 0.121875 0.1328125
2 0.4625 0.63515625 0.1234375 0.1421875