0 0.584375 0.90703125 0.146875 0.1859375
0 0.96171875 0.18046875 0.0765625 0.1796875
0 0.7296875 0.92734375 0.15 0.1453125
4 0.859375 0.49609375 0.165625 0.1765625
3 0.52734375 0.09765625 0.1546875 0.178125
3 0.81484375 0.27890625 0.1484375 0.1734375
3 0.07421875 0.74453125 0.1453125 0.159375
1 0.415625 0.3 0.1453125 0.16875
3 0.2078125 0.83359375 0.146875 0.175
1 0.7859375 0.71640625 0.1484375 0.1734375
2 0.52265625 0.5140625 0.1109375 0.13125
4 0.6046875 0.70390625 0.14375 0.1546875
3 0.69140625 0.528125 0.153125 0.15625
3 0.359375 0.75234375 0.13125 0.1546875
2 0.309375 0.4890625 0.1390625 0.15625
4 0.32421875 0.08984375 0.1484375 0.178125
1 0.6625 0.14140625 0.1546875 0.1765625
0 0.19375 0.05625 0.1625 0.1125
2 0.15 0.2453125 0.146875 0.1640625
2 0.16796875 0.52421875 0.1296875 0.15