0 0.38671875 0.16875 0.1578125 0.1921875
0 0.8921875 0.56484375 0.121875 0.1609375
0 0.5984375 0.30703125 0.1546875 0.1828125
3 0.18359375 0.9 0.134375 0.153125
0 0.93359375 0.76796875 0.1328125 0.1890625
1 0.78671875 0.0796875 0.1390625 0.159375
3 0.66796875 0.49140625 0.140625 0.1546875
2 0.78515625 0.77265625 0.1125 0.14375
3 0.1953125 0.7078125 0.1390625 0.146875
3 0.41640625 0.378125 0.1359375 0.16875
2 0.121875 0.53359375 0.134375 0.1421875
1 0.3703125 0.68984375 0.1390625 0.1546875
1 0.2265625 0.15234375 0.1265625 0.1578125
2 0.59375 0.84921875 0.1375 0.1734375
0 0.5625 0.1265625 0.1578125 0.153125
0 0.3421875 0.90234375 0.1515625 0.165625
3 0.05234375 0.16875 0.1046875 0.153125
3 0.5109375 0.5875 0.140625 0.1515625
2 0.1546875 0.33671875 0.1203125 0.1453125
0 0.8671875 0.34453125 0.16875 0.171875