1 0.61328125 0.2671875 0.121875 0.1421875
1 0.2671875 0.45625 0.1109375 0.121875
3 0.29609375 0.85390625 0.11875 0.1421875
1 0.115625 0.57265625 0.1125 0.1421875
0 0.06875 0.08828125 0.128125 0.1765625
0 0.86484375 0.321875 0.153125 0.184375
3 0.84296875 0.89296875 0.115625 0.1453125
1 0.271875 0.26953125 0.1125 0.1375
0 0.61796875 0.65078125 0.1515625 0.196875
0 0.815625 0.10078125 0.1171875 0.1296875
0 0.24921875 0.103125 0.1265625 0.1328125
3 0.3015625 0.67578125 0.1203125 0.13125
2 0.62265625 0.8734375 0.103125 0.103125
0 0.0796875 0.334375 0.1296875 0.1765625
0 0.78984375 0.67578125 0.128125 0.1609375
4 0.1328125 0.84921875 0.109375 0.14375
4 0.44375 0.421875 0.1234375 0.1421875
1 0.4359375 0.0953125 0.1171875 0.1453125
4 0.6125 0.0875 0.121875 0.1390625
3 0.46015625 0.83125 0.1109375 0.1296875