1 0.1515625 0.43671875 0.11328125 0.1421875
3 0.33671875 0.40234375 0.1078125 0.15546875
0 0.575 0.703125 0.0984375 0.1546875
3 0.490625 0.48046875 0.115625 0.1296875
0 0.93828125 0.9140625 0.1234375 0.159375
2 0.784375 0.92421875 0.1203125 0.13203125
0 0.71953125 0.109375 0.1203125 0.13046875
2 0.62578125 0.93125 0.096875 0.11796875
0 0.20078125 0.1859375 0.11328125 0.1765625
0 0.6515625 0.496875 0.125 0.1578125
2 0.9375 0.6640625 0.10625 0.13359375
4 0.34453125 0.19296875 0.1078125 0.14453125
3 0.134375 0.8890625 0.121875 0.159375
2 0.3953125 0.91953125 0.10234375 0.13984375
4 0.76484375 0.28984375 0.12890625 0.14921875
1 0.7109375 0.69765625 0.12421875 0.14921875
2 0.3140625 0.72421875 0.11953125 0.1671875
4 0.12109375 0.65703125 0.11875 0.1328125
2 0.49609375 0.1453125 0.109375 0.1625
3 0.90390625 0.3 0.11171875 0.13671875