0 0.15703125 0.18203125 0.140625 0.19375
0 0.73828125 0.496875 0.1390625 0.153125
1 0.06328125 0.51953125 0.1265625 0.1359375
1 0.2796875 0.17109375 0.1234375 0.15
0 0.06875 0.73046875 0.1375 0.1640625
1 0.5875 0.4921875 0.1375 0.16875
1 0.94140625 0.27109375 0.1171875 0.1484375
4 0.50234375 0.18984375 0.1453125 0.178125
0 0.83125 0.721875 0.140625 0.1515625
3 0.26171875 0.36015625 0.128125 0.15
3 0.7828125 0.9234375 0.15 0.153125
1 0.64765625 0.271875 0.13125 0.1484375
1 0.79609375 0.31796875 0.128125 0.1484375
3 0.42109375 0.45859375 0.14375 0.165625
2 0.72734375 0.10234375 0.1296875 0.134375
1 0.48125 0.7015625 0.1453125 0.18125
2 0.24140625 0.5546875 0.128125 0.1515625
2 0.60859375 0.8015625 0.1234375 0.14375
2 0.17578125 0.81796875 0.125 0.1609375
4 0.925 0.5203125 0.13125 0.1484375