2 0.66015625 0.625 0.1203125 0.1203125
1 0.89453125 0.453125 0.1140625 0.1296875
0 0.30859375 0.61484375 0.1390625 0.1515625
3 0.1265625 0.2484375 0.1328125 0.1609375
2 0.615625 0.35078125 0.096875 0.115625
2 0.81328125 0.89453125 0.1203125 0.1359375
0 0.46328125 0.2640625 0.1609375 0.1828125
3 0.42421875 0.7828125 0.1265625 0.1390625
4 0.43828125 0.5671875 0.13125 0.1515625
0 0.84453125 0.27578125 0.15 0.1671875
2 0.10703125 0.4265625 0.1203125 0.14375
4 0.2765625 0.3296875 0.115625 0.1375
2 0.2375 0.853125 0.121875 0.140625
4 0.28828125 0.0671875 0.1296875 0.134375
4 0.68125 0.175 0.1359375 0.1390625
4 0.48515625 0.06875 0.1453125 0.1375
1 0.0703125 0.853125 0.11875 0.1359375
3 0.60703125 0.78828125 0.1109375 0.1234375