0 0.11484375 0.32578125 0.1359375 0.1875
0 0.66640625 0.62265625 0.140625 0.184375
0 0.7546875 0.20390625 0.134375 0.1625
0 0.49921875 0.8859375 0.125 0.146875
0 0.25234375 0.0953125 0.1453125 0.153125
0 0.34296875 0.403125 0.1484375 0.1671875
3 0.04765625 0.8359375 0.0953125 0.134375
1 0.42265625 0.67421875 0.115625 0.140625
2 0.65078125 0.89375 0.1109375 0.11875
1 0.40078125 0.16328125 0.140625 0.1546875
3 0.89765625 0.20625 0.128125 0.1609375
1 0.18359375 0.56015625 0.128125 0.153125
2 0.88671875 0.81640625 0.1109375 0.134375
4 0.48046875 0.4328125 0.1390625 0.1546875
3 0.884375 0.521875 0.11875 0.1421875
4 0.3421875 0.859375 0.1296875 0.1453125
3 0.196875 0.74375 0.1234375 0.15
2 0.66796875 0.3796875 0.115625 0.134375
1 0.1203125 0.06484375 0.1125 0.1296875
3 0.5984375 0.2015625 0.1375 0.159375