0 0.9015625 0.6328125 0.11875 0.17578125
0 0.321875 0.3953125 0.12265625 0.171875
0 0.27734375 0.82109375 0.11875 0.1515625
0 0.46015625 0.11640625 0.11171875 0.13671875
0 0.78828125 0.8765625 0.13125 0.13984375
0 0.66640625 0.5796875 0.1328125 0.1546875
3 0.91953125 0.1171875 0.0921875 0.125
1 0.55859375 0.31875 0.10234375 0.13046875
2 0.30859375 0.12421875 0.1 0.109375
1 0.63359375 0.82421875 0.1265625 0.14296875
3 0.13515625 0.83359375 0.1125 0.14921875
1 0.80859375 0.40703125 0.1140625 0.14140625
2 0.08203125 0.22578125 0.0984375 0.12421875
4 0.5265625 0.56484375 0.125 0.1421875
3 0.115625 0.51875 0.10546875 0.13203125
4 0.61953125 0.12578125 0.11640625 0.13359375
3 0.77578125 0.22578125 0.109375 0.13984375
2 0.3453125 0.6375 0.10234375 0.125
1 0.92265625 0.89609375 0.09921875 0.1265625
3 0.43359375 0.80703125 0.12265625 0.146875