3 0.07421875 0.7234375 0.128125 0.1546875
0 0.11171875 0.53515625 0.16875 0.2046875
0 0.91484375 0.33828125 0.16875 0.1984375
2 0.6328125 0.9 0.13125 0.1515625
3 0.440625 0.06875 0.11875 0.1375
2 0.96875 0.1546875 0.0625 0.121875
0 0.67265625 0.65078125 0.1421875 0.190625
4 0.496875 0.7796875 0.1421875 0.1609375
0 0.2640625 0.72734375 0.1578125 0.21875
4 0.5875 0.13125 0.1125 0.1203125
3 0.4015625 0.24921875 0.1203125 0.1359375
0 0.77265625 0.303125 0.13125 0.1765625
2 0.52890625 0.35625 0.1171875 0.1453125
1 0.80546875 0.79375 0.1265625 0.1546875
4 0.28203125 0.06640625 0.1296875 0.1328125
2 0.91015625 0.51875 0.1125 0.1265625
4 0.51953125 0.59765625 0.1265625 0.1359375
4 0.12109375 0.3484375 0.1421875 0.1546875
1 0.784375 0.14296875 0.13125 0.1546875
1 0.3328125 0.44609375 0.13125 0.15625