0 0.1609375 0.9203125 0.178125 0.159375
0 0.5953125 0.734375 0.15 0.1671875
0 0.28125 0.18359375 0.171875 0.1875
0 0.53984375 0.55703125 0.1625 0.1765625
1 0.84609375 0.46484375 0.134375 0.15
4 0.93515625 0.63359375 0.1296875 0.1609375
1 0.8078125 0.23046875 0.128125 0.1484375
1 0.17890625 0.6375 0.1390625 0.1515625
2 0.496875 0.3625 0.1078125 0.1296875
3 0.696875 0.53046875 0.1421875 0.178125
3 0.45546875 0.82109375 0.1328125 0.15625
1 0.30234375 0.859375 0.1578125 0.1703125
3 0.64921875 0.3125 0.146875 0.1625
3 0.50078125 0.08984375 0.153125 0.1625
3 0.36875 0.58203125 0.1328125 0.1671875
1 0.77421875 0.04765625 0.1390625 0.0953125
2 0.0546875 0.1546875 0.109375 0.140625
3 0.78046875 0.72890625 0.1515625 0.159375
4 0.0703125 0.45390625 0.140625 0.1609375
2 0.2109375 0.384375 0.140625 0.15