1 0.3875 0.66328125 0.115625 0.134375
1 0.6375 0.20703125 0.121875 0.15625
1 0.92734375 0.84921875 0.121875 0.1484375
2 0.303125 0.303125 0.1109375 0.1234375
0 0.71875 0.815625 0.15625 0.184375
2 0.25078125 0.48515625 0.109375 0.1234375
0 0.43828125 0.46015625 0.1296875 0.15625
0 0.45859375 0.24453125 0.1515625 0.175
3 0.77109375 0.12265625 0.1234375 0.146875
3 0.55234375 0.7125 0.1109375 0.125
3 0.13359375 0.9359375 0.1171875 0.128125
0 0.76640625 0.378125 0.11875 0.1734375
2 0.290625 0.88828125 0.10625 0.134375
0 0.1765625 0.678125 0.121875 0.1609375
4 0.0671875 0.3796875 0.1171875 0.140625
4 0.90859375 0.38125 0.1296875 0.159375
4 0.8078125 0.6 0.1359375 0.1578125
1 0.60625 0.5265625 0.1453125 0.1515625
4 0.54609375 0.93125 0.1296875 0.1375
2 0.12578125 0.16953125 0.1171875 0.1625