0 0.94140625 0.16015625 0.11640625 0.15625
0 0.0796875 0.8859375 0.14296875 0.17265625
0 0.32890625 0.22421875 0.1171875 0.16328125
0 0.07578125 0.37890625 0.13828125 0.13671875
0 0.9171875 0.3421875 0.13984375 0.15625
1 0.13828125 0.65078125 0.10390625 0.13515625
3 0.1796875 0.23515625 0.11953125 0.13515625
0 0.5109375 0.765625 0.11484375 0.1484375
0 0.34765625 0.67421875 0.1359375 0.18984375
4 0.49296875 0.140625 0.115625 0.14296875
0 0.775 0.3703125 0.13203125 0.16953125
3 0.43125 0.459375 0.11484375 0.1421875
4 0.93828125 0.57265625 0.103125 0.1296875
3 0.253125 0.41953125 0.10390625 0.134375
4 0.6203125 0.5171875 0.1140625 0.134375
4 0.9234375 0.92109375 0.1125 0.14296875
3 0.7609375 0.16171875 0.1015625 0.1140625
4 0.225 0.86171875 0.11328125 0.13515625
3 0.77890625 0.65703125 0.11171875 0.125
4 0.73203125 0.85078125 0.10703125 0.146875