0 0.38828125 0.3515625 0.1640625 0.203125
1 0.38828125 0.13359375 0.14375 0.1703125
4 0.125 0.2953125 0.1453125 0.1578125
4 0.75390625 0.1578125 0.146875 0.1640625
3 0.103125 0.79140625 0.1296875 0.1453125
4 0.878125 0.68046875 0.15625 0.1734375
0 0.1578125 0.58125 0.159375 0.196875
1 0.7484375 0.93203125 0.146875 0.1359375
4 0.7375 0.38515625 0.115625 0.13125
3 0.69296875 0.7453125 0.1484375 0.165625
1 0.5109375 0.92421875 0.1328125 0.1453125
4 0.71328125 0.55546875 0.134375 0.15
4 0.203125 0.084375 0.15 0.16875
1 0.55234375 0.40234375 0.1296875 0.1625
2 0.9515625 0.1640625 0.096875 0.15625
2 0.3 0.8234375 0.1359375 0.1578125
3 0.50703125 0.73046875 0.1375 0.15625
1 0.9546875 0.37578125 0.090625 0.1640625
4 0.3515625 0.57734375 0.14375 0.1578125
4 0.5640625 0.08125 0.1546875 0.1609375