1 0.6796875 0.36328125 0.1265625 0.15
0 0.33125 0.10390625 0.159375 0.190625
1 0.82734375 0.95625 0.1203125 0.0875
0 0.12421875 0.1546875 0.1671875 0.1984375
0 0.5109375 0.1578125 0.1484375 0.1859375
0 0.6640625 0.1828125 0.1390625 0.165625
3 0.5015625 0.3390625 0.1234375 0.1421875
2 0.06484375 0.5984375 0.1296875 0.15625
3 0.29921875 0.309375 0.125 0.146875
2 0.1203125 0.38125 0.140625 0.15
0 0.58359375 0.58828125 0.1734375 0.2046875
0 0.921875 0.1890625 0.15625 0.18125
1 0.475 0.90859375 0.1328125 0.146875
3 0.88671875 0.6671875 0.140625 0.16875
4 0.2359375 0.88125 0.1390625 0.159375
1 0.2921875 0.54140625 0.1265625 0.153125
4 0.6765625 0.8328125 0.14375 0.1703125
3 0.88359375 0.4359375 0.128125 0.1359375