0 0.92109375 0.5390625 0.1546875 0.1984375
0 0.303125 0.43828125 0.1578125 0.1953125
0 0.35546875 0.86328125 0.15 0.175
0 0.375 0.13515625 0.1390625 0.1578125
0 0.865625 0.80234375 0.159375 0.165625
0 0.6796875 0.53984375 0.1640625 0.18125
3 0.82265625 0.0515625 0.1171875 0.103125
1 0.51640625 0.31015625 0.1296875 0.15
2 0.22890625 0.1765625 0.121875 0.1296875
1 0.703125 0.7859375 0.15625 0.1671875
3 0.21953125 0.90703125 0.14375 0.1703125
1 0.7796875 0.33984375 0.1421875 0.1640625
2 0.04609375 0.3265625 0.0921875 0.14375
4 0.540625 0.55703125 0.153125 0.1671875
3 0.1296875 0.6046875 0.1328125 0.153125
4 0.53203125 0.10859375 0.14375 0.15625
3 0.70703125 0.17109375 0.1375 0.1609375
2 0.38046875 0.66875 0.128125 0.1453125
1 0.96875 0.78984375 0.0625 0.1453125
3 0.5046875 0.8140625 0.153125 0.1703125