2 0.18046875 0.709375 0.09921875 0.1203125
1 0.1125 0.91484375 0.1125 0.13671875
1 0.921875 0.28828125 0.1078125 0.1390625
1 0.12265625 0.146875 0.11484375 0.1484375
2 0.26875 0.8859375 0.11484375 0.1375
0 0.3609375 0.42890625 0.13359375 0.13359375
2 0.746875 0.45625 0.11171875 0.14296875
0 0.925 0.52578125 0.13125 0.12734375
3 0.48671875 0.8453125 0.1015625 0.11953125
0 0.90546875 0.7296875 0.1328125 0.1390625
2 0.38828125 0.66640625 0.10859375 0.11875
0 0.8671875 0.9203125 0.10703125 0.15078125
0 0.28125 0.16875 0.1203125 0.1484375
4 0.671875 0.9 0.11796875 0.128125
3 0.4375 0.1421875 0.109375 0.140625
4 0.57421875 0.3625 0.1078125 0.1390625
1 0.6390625 0.675 0.10625 0.14296875
4 0.14609375 0.40625 0.125 0.1453125
4 0.5890625 0.140625 0.1265625 0.1640625
3 0.753125 0.23515625 0.10078125 0.1328125