1 0.38828125 0.19609375 0.1359375 0.1515625
1 0.896875 0.07578125 0.11875 0.1421875
2 0.39296875 0.80546875 0.115625 0.1265625
3 0.88203125 0.4515625 0.1265625 0.1390625
2 0.1421875 0.65546875 0.1203125 0.1265625
1 0.38671875 0.63359375 0.1203125 0.134375
2 0.09609375 0.09140625 0.1375 0.1453125
2 0.553125 0.1296875 0.11875 0.1359375
4 0.80859375 0.2640625 0.1078125 0.128125
4 0.91640625 0.825 0.1203125 0.1453125
2 0.57265625 0.653125 0.1078125 0.115625
2 0.23984375 0.41796875 0.103125 0.1296875
2 0.74921875 0.65703125 0.1 0.128125
1 0.77421875 0.88515625 0.109375 0.1375
3 0.63671875 0.3796875 0.115625 0.14375
2 0.4703125 0.44375 0.1078125 0.1375
4 0.53359375 0.81875 0.1171875 0.1421875
1 0.7296875 0.10546875 0.121875 0.1390625
1 0.12734375 0.83671875 0.11875 0.134375
3 0.05234375 0.38515625 0.1046875 0.1296875