1 0.44140625 0.49921875 0.134375 0.1484375
2 0.8625 0.6515625 0.1171875 0.134375
2 0.38359375 0.70625 0.1109375 0.1171875
0 0.5765625 0.8671875 0.171875 0.1796875
1 0.14375 0.28125 0.1328125 0.153125
0 0.42421875 0.07578125 0.1453125 0.1515625
3 0.3859375 0.8921875 0.1375 0.165625
1 0.74140625 0.22265625 0.1375 0.1484375
2 0.60625 0.11796875 0.140625 0.1453125
0 0.45 0.29765625 0.16875 0.1890625
0 0.0890625 0.734375 0.171875 0.165625
2 0.72890625 0.9046875 0.159375 0.16875
0 0.91484375 0.47578125 0.1421875 0.1921875
4 0.284375 0.284375 0.1578125 0.18125
3 0.109375 0.53984375 0.1484375 0.1625
0 0.5609375 0.66171875 0.1484375 0.146875
2 0.17421875 0.0671875 0.1296875 0.134375
4 0.8890625 0.24296875 0.13125 0.14375
3 0.29453125 0.51015625 0.1390625 0.146875
1 0.678125 0.45546875 0.1359375 0.1578125