0 0.19375 0.73671875 0.13984375 0.13515625
3 0.375 0.70625 0.0984375 0.134375
3 0.74921875 0.90546875 0.11171875 0.14765625
4 0.759375 0.48203125 0.10703125 0.12421875
0 0.8671875 0.7109375 0.13359375 0.1546875
0 0.4 0.37265625 0.12890625 0.16796875
1 0.2546875 0.121875 0.11015625 0.11796875
1 0.590625 0.48984375 0.10703125 0.14609375
4 0.33515625 0.91796875 0.1125 0.12578125
4 0.41953125 0.1234375 0.103125 0.134375
4 0.21015625 0.5328125 0.12890625 0.1703125
3 0.57890625 0.16015625 0.12109375 0.128125
3 0.92421875 0.45078125 0.1046875 0.140625
3 0.1140625 0.9328125 0.1171875 0.128125
3 0.66640625 0.66328125 0.1078125 0.1203125
3 0.15703125 0.328125 0.10625 0.1375
3 0.10390625 0.1546875 0.12421875 0.128125
4 0.8515625 0.225 0.11953125 0.12421875
4 0.9484375 0.92109375 0.1 0.14765625
4 0.5328125 0.83125 0.10546875 0.115625