0 0.11328125 0.60234375 0.125 0.14609375
0 0.603125 0.3015625 0.1171875 0.13828125
0 0.54375 0.5328125 0.128125 0.175
0 0.64140625 0.75859375 0.1203125 0.16796875
3 0.146875 0.4046875 0.11640625 0.14296875
4 0.25546875 0.6109375 0.115625 0.14765625
3 0.746875 0.4578125 0.1203125 0.15234375
4 0.9265625 0.8875 0.12109375 0.13515625
4 0.2734375 0.88984375 0.1109375 0.128125
2 0.14453125 0.83984375 0.09765625 0.11640625
3 0.7671875 0.24375 0.11171875 0.1484375
1 0.4296875 0.70546875 0.11171875 0.146875
4 0.2546875 0.1265625 0.10390625 0.12890625
4 0.90703125 0.2234375 0.109375 0.14453125
1 0.79375 0.728125 0.10546875 0.13828125
2 0.3921875 0.421875 0.11953125 0.15078125
1 0.0875 0.18828125 0.11171875 0.14765625
2 0.92890625 0.44375 0.11328125 0.1375
2 0.459375 0.17421875 0.10859375 0.13828125
1 0.47421875 0.91328125 0.12421875 0.13984375