1 0.51875 0.653125 0.11171875 0.14140625
1 0.17265625 0.69765625 0.121875 0.15234375
1 0.26796875 0.146875 0.11640625 0.1296875
2 0.61328125 0.84921875 0.1015625 0.12578125
0 0.18359375 0.5125 0.15625 0.1703125
3 0.7984375 0.9203125 0.08984375 0.128125
2 0.7046875 0.6390625 0.1234375 0.134375
2 0.93984375 0.89296875 0.10625 0.12890625
2 0.4296875 0.3796875 0.10625 0.11953125
0 0.3453125 0.61484375 0.1515625 0.1765625
0 0.58828125 0.39765625 0.11015625 0.13515625
2 0.928125 0.38046875 0.13046875 0.1578125
3 0.9015625 0.69609375 0.10390625 0.13984375
4 0.0984375 0.2125 0.12109375 0.14921875
3 0.66484375 0.14140625 0.1078125 0.140625
0 0.21640625 0.88046875 0.115625 0.1640625
3 0.73046875 0.42578125 0.121875 0.1578125
4 0.44140625 0.88046875 0.1359375 0.14609375
4 0.43359375 0.1234375 0.10546875 0.1328125
1 0.828125 0.1171875 0.10234375 0.13046875