1 0.39921875 0.20703125 0.15 0.1640625
1 0.146875 0.14765625 0.1546875 0.1625
0 0.528125 0.42578125 0.1734375 0.16875
1 0.903125 0.40234375 0.1375 0.159375
2 0.74609375 0.4765625 0.140625 0.1421875
0 0.540625 0.07890625 0.15 0.1578125
1 0.81484375 0.18984375 0.1625 0.184375
0 0.9484375 0.59296875 0.103125 0.1890625
0 0.1390625 0.82890625 0.153125 0.1609375
4 0.3671875 0.51015625 0.1390625 0.1578125
3 0.25703125 0.3484375 0.1421875 0.15625
4 0.6484375 0.3109375 0.1375 0.1578125
2 0.03359375 0.26171875 0.0671875 0.1453125
3 0.1734375 0.63203125 0.128125 0.1359375
1 0.41484375 0.7421875 0.1609375 0.1671875
2 0.803125 0.76953125 0.1296875 0.1578125
4 0.95390625 0.7734375 0.0921875 0.1625
3 0.74453125 0.03671875 0.1328125 0.0734375
0 0.3015625 0.86484375 0.1671875 0.1703125
3 0.5875 0.7 0.1546875 0.165625