0 0.85 0.08671875 0.13515625 0.1328125
1 0.38671875 0.1671875 0.121875 0.1578125
0 0.7796875 0.32265625 0.14453125 0.18359375
0 0.13515625 0.240625 0.12734375 0.14140625
2 0.43203125 0.89140625 0.128125 0.14375
0 0.61328125 0.83203125 0.13359375 0.18984375
2 0.59609375 0.15859375 0.11171875 0.11484375
2 0.3625 0.71484375 0.121875 0.1265625
0 0.92109375 0.5359375 0.14921875 0.1625
3 0.77421875 0.60390625 0.121875 0.1421875
3 0.16328125 0.73203125 0.11484375 0.12734375
0 0.12578125 0.53203125 0.1578125 0.15234375
4 0.79453125 0.81171875 0.09609375 0.1328125
3 0.321875 0.484375 0.09609375 0.121875
0 0.28046875 0.89453125 0.09453125 0.1328125
3 0.9484375 0.32578125 0.103125 0.1390625
4 0.09765625 0.92421875 0.096875 0.12265625
3 0.925 0.7828125 0.11015625 0.1390625
3 0.54296875 0.3796875 0.1046875 0.13203125
4 0.61484375 0.6046875 0.1046875 0.13046875