1 0.903125 0.646875 0.1359375 0.146875
1 0.25 0.3015625 0.1171875 0.1296875
0 0.828125 0.859375 0.14375 0.1609375
1 0.09921875 0.109375 0.109375 0.13125
2 0.72578125 0.31953125 0.11875 0.13125
0 0.70234375 0.08046875 0.1234375 0.1609375
0 0.31953125 0.5046875 0.1203125 0.1640625
0 0.66171875 0.63359375 0.1375 0.178125
0 0.2578125 0.10234375 0.1359375 0.15625
4 0.49140625 0.58046875 0.1171875 0.15
2 0.1546875 0.778125 0.115625 0.128125
0 0.30625 0.88828125 0.1296875 0.14375
4 0.56484375 0.328125 0.1296875 0.1484375
0 0.15546875 0.5546875 0.134375 0.1828125
2 0.3328125 0.684375 0.125 0.1484375
2 0.93359375 0.43671875 0.121875 0.15625
2 0.503125 0.06875 0.1125 0.1375
2 0.37421875 0.29765625 0.1015625 0.1375
1 0.92421875 0.21015625 0.121875 0.153125
3 0.6234375 0.87109375 0.121875 0.15