3 0.26953125 0.5125 0.1015625 0.13359375
3 0.88046875 0.33828125 0.10234375 0.12890625
2 0.38046875 0.16171875 0.10703125 0.13046875
3 0.50546875 0.77265625 0.11640625 0.13984375
0 0.7140625 0.35234375 0.1140625 0.1796875
4 0.56953125 0.38359375 0.1328125 0.16328125
3 0.128125 0.315625 0.10234375 0.1328125
0 0.903125 0.11875 0.13359375 0.1921875
3 0.5609375 0.15703125 0.11015625 0.13203125
4 0.10078125 0.8890625 0.121875 0.14453125
0 0.946875 0.878125 0.10546875 0.15859375
1 0.275 0.9328125 0.10078125 0.12265625
4 0.7921875 0.55546875 0.11015625 0.14921875
1 0.66640625 0.5921875 0.115625 0.15078125
4 0.6953125 0.89453125 0.115625 0.1484375
0 0.28984375 0.7390625 0.15234375 0.17109375
4 0.1015625 0.5578125 0.12109375 0.1421875
4 0.1328125 0.1375 0.13125 0.14453125
4 0.41953125 0.5171875 0.12109375 0.15234375
4 0.70078125 0.13359375 0.10703125 0.15625