0 0.89765625 0.49296875 0.14375 0.1921875
4 0.6515625 0.10234375 0.1046875 0.13125
1 0.7015625 0.87890625 0.11875 0.15
1 0.85546875 0.1265625 0.1109375 0.1359375
2 0.69375 0.68046875 0.0921875 0.115625
3 0.16796875 0.1484375 0.1125 0.1390625
3 0.33203125 0.77578125 0.1234375 0.14375
4 0.88828125 0.9453125 0.1203125 0.109375
3 0.14609375 0.59609375 0.0984375 0.1234375
1 0.3015625 0.36640625 0.115625 0.1453125
2 0.87734375 0.7234375 0.1296875 0.1421875
3 0.3796875 0.58671875 0.121875 0.1578125
2 0.559375 0.325 0.1109375 0.125
1 0.53046875 0.525 0.109375 0.1296875
3 0.7078125 0.49375 0.1234375 0.1578125
3 0.5515625 0.91953125 0.1125 0.13125
2 0.16484375 0.41640625 0.0984375 0.1171875
4 0.4953125 0.1234375 0.1296875 0.15
4 0.31328125 0.159375 0.1265625 0.14375
2 0.14921875 0.834375 0.1125 0.1328125