1 0.6234375 0.31015625 0.115625 0.13125
1 0.91484375 0.5625 0.1296875 0.1328125
3 0.2171875 0.8921875 0.1296875 0.14375
3 0.2 0.1578125 0.125 0.1546875
0 0.7265625 0.8265625 0.153125 0.1890625
0 0.41328125 0.40234375 0.1375 0.1765625
0 0.2515625 0.37734375 0.15625 0.184375
1 0.546875 0.08671875 0.1265625 0.1484375
0 0.496875 0.8734375 0.15625 0.2078125
3 0.271875 0.66484375 0.11875 0.1359375
0 0.88203125 0.76875 0.134375 0.15
0 0.4515625 0.65546875 0.1625 0.196875
2 0.6703125 0.55625 0.1484375 0.153125
0 0.41328125 0.18046875 0.1375 0.1625
4 0.86484375 0.10078125 0.1328125 0.1484375
2 0.7109375 0.1203125 0.1140625 0.1390625
4 0.05859375 0.4515625 0.1171875 0.153125
4 0.04453125 0.15234375 0.0890625 0.1578125
3 0.79765625 0.2875 0.128125 0.1453125
3 0.0890625 0.7109375 0.1234375 0.14375