3 0.06484375 0.7 0.1296875 0.159375
0 0.11015625 0.51484375 0.178125 0.209375
0 0.9171875 0.36015625 0.165625 0.2046875
2 0.61171875 0.90625 0.1375 0.1546875
3 0.4625 0.06875 0.125 0.1375
2 0.97578125 0.18203125 0.0484375 0.1265625
0 0.6640625 0.659375 0.15 0.1953125
4 0.48203125 0.77890625 0.1484375 0.165625
0 0.25234375 0.71484375 0.1671875 0.2234375
4 0.60703125 0.1359375 0.1171875 0.125
3 0.41484375 0.24453125 0.1265625 0.140625
0 0.78203125 0.31796875 0.1390625 0.1796875
2 0.53671875 0.3578125 0.1234375 0.15
1 0.78984375 0.809375 0.1328125 0.1578125
4 0.30546875 0.06171875 0.1359375 0.1234375
2 0.90859375 0.540625 0.1171875 0.13125
4 0.5140625 0.59921875 0.13125 0.140625
4 0.1296875 0.32890625 0.146875 0.159375
1 0.80234375 0.15859375 0.1375 0.1578125
1 0.3359375 0.4375 0.1375 0.1609375