1 0.0765625 0.384375 0.1359375 0.153125
3 0.45390625 0.61015625 0.134375 0.16875
2 0.23125 0.4171875 0.1234375 0.1296875
2 0.73125 0.70859375 0.1078125 0.115625
4 0.11875 0.59921875 0.1421875 0.1546875
2 0.61640625 0.16171875 0.121875 0.1328125
0 0.30546875 0.23046875 0.165625 0.184375
2 0.8296875 0.9515625 0.146875 0.096875
2 0.26875 0.6671875 0.125 0.140625
4 0.85078125 0.5203125 0.1234375 0.1375
3 0.675 0.90859375 0.1375 0.165625
4 0.91796875 0.31328125 0.1265625 0.1453125
4 0.3921875 0.84296875 0.140625 0.1515625
4 0.54921875 0.921875 0.1234375 0.1375
2 0.140625 0.83671875 0.1296875 0.1578125
2 0.5265625 0.3796875 0.1296875 0.159375
3 0.7140625 0.49453125 0.128125 0.140625
3 0.5765625 0.7140625 0.1328125 0.1546875
1 0.77265625 0.26796875 0.1375 0.1671875
3 0.12734375 0.11328125 0.1390625 0.1671875