0 0.74296875 0.58828125 0.1265625 0.165625
0 0.56171875 0.71640625 0.1328125 0.16875
0 0.11640625 0.828125 0.1515625 0.1484375
1 0.2921875 0.84375 0.13125 0.14375
0 0.271875 0.62734375 0.1546875 0.1859375
0 0.9265625 0.15703125 0.146875 0.2015625
0 0.59140625 0.37421875 0.1640625 0.175
4 0.12890625 0.3703125 0.1375 0.159375
3 0.88515625 0.72421875 0.1296875 0.165625
1 0.8453125 0.9265625 0.134375 0.146875
3 0.10234375 0.62421875 0.1171875 0.140625
3 0.76640625 0.40703125 0.1265625 0.15
3 0.76796875 0.11171875 0.1328125 0.1640625
3 0.309375 0.2671875 0.134375 0.1640625
2 0.7 0.7875 0.11875 0.134375
3 0.93203125 0.3984375 0.1359375 0.1546875
3 0.41015625 0.071875 0.1203125 0.14375
4 0.51875 0.8890625 0.121875 0.1359375
2 0.18515625 0.15859375 0.1296875 0.153125
3 0.584375 0.20625 0.14375 0.1546875