1 0.4515625 0.38828125 0.1375 0.159375
1 0.28046875 0.39765625 0.1421875 0.15625
0 0.28515625 0.6359375 0.1375 0.1609375
2 0.48984375 0.61015625 0.125 0.140625
1 0.36640625 0.82421875 0.1421875 0.159375
4 0.246875 0.0640625 0.128125 0.128125
0 0.8546875 0.90546875 0.15 0.1484375
0 0.5703125 0.865625 0.1734375 0.21875
0 0.1265625 0.3640625 0.1765625 0.1875
0 0.9546875 0.19453125 0.090625 0.2015625
2 0.38046875 0.08203125 0.134375 0.1578125
2 0.7 0.1625 0.1296875 0.1390625
2 0.09453125 0.5421875 0.1390625 0.1578125
2 0.85625 0.39921875 0.125 0.140625
0 0.91015625 0.66484375 0.1546875 0.1671875
0 0.64296875 0.6828125 0.1359375 0.16875
2 0.82578125 0.19375 0.1328125 0.165625
2 0.5296875 0.190625 0.125 0.153125
4 0.6734375 0.4796875 0.1453125 0.1515625
3 0.08828125 0.76796875 0.128125 0.1453125