1 0.68671875 0.83515625 0.1265625 0.1625
1 0.0484375 0.7984375 0.096875 0.159375
0 0.35859375 0.07421875 0.1203125 0.1484375
0 0.4953125 0.32265625 0.1703125 0.1859375
0 0.534375 0.72421875 0.159375 0.1859375
0 0.121875 0.30078125 0.1234375 0.159375
0 0.09765625 0.59921875 0.1296875 0.184375
3 0.76484375 0.10390625 0.1359375 0.1390625
0 0.5765625 0.1 0.159375 0.196875
3 0.790625 0.30859375 0.125 0.1640625
4 0.28125 0.7421875 0.125 0.146875
0 0.73203125 0.66171875 0.165625 0.16875
3 0.546875 0.50703125 0.1390625 0.146875
2 0.359375 0.48671875 0.1109375 0.1375
3 0.9328125 0.13671875 0.1234375 0.140625
4 0.89453125 0.68359375 0.1375 0.159375
3 0.93984375 0.31796875 0.1203125 0.1453125
4 0.12109375 0.05859375 0.1265625 0.1171875
4 0.28046875 0.278125 0.1171875 0.1359375
1 0.83984375 0.90546875 0.1234375 0.1578125