0 0.584375 0.6625 0.0984375 0.1640625
1 0.91484375 0.58515625 0.12421875 0.14765625
1 0.3265625 0.1453125 0.1015625 0.1234375
2 0.23046875 0.52578125 0.11484375 0.12265625
0 0.76328125 0.57421875 0.12109375 0.14140625
2 0.08046875 0.715625 0.11953125 0.13046875
0 0.41796875 0.90546875 0.1359375 0.171875
0 0.53828125 0.44140625 0.128125 0.17109375
2 0.24296875 0.8 0.0890625 0.11640625
2 0.54609375 0.90703125 0.11328125 0.1375
3 0.26953125 0.33359375 0.1046875 0.1203125
0 0.4546875 0.67890625 0.1265625 0.12421875
0 0.08359375 0.515625 0.146875 0.15078125
0 0.7328125 0.14140625 0.1125 0.1828125
4 0.759375 0.33828125 0.10078125 0.1328125
0 0.90546875 0.12734375 0.12890625 0.18046875
3 0.56484375 0.1234375 0.11640625 0.13125
4 0.79453125 0.75703125 0.10390625 0.12421875
0 0.10703125 0.1921875 0.15703125 0.19453125
4 0.94140625 0.3765625 0.1109375 0.12421875