1 0.1015625 0.8625 0.1265625 0.1578125
1 0.55234375 0.44765625 0.121875 0.1546875
1 0.796875 0.890625 0.1359375 0.153125
0 0.72421875 0.678125 0.1578125 0.1953125
0 0.72734375 0.16171875 0.1390625 0.19375
0 0.09765625 0.3734375 0.1328125 0.14375
4 0.56640625 0.2078125 0.1296875 0.1484375
3 0.35 0.39453125 0.1234375 0.1390625
2 0.265625 0.93203125 0.11875 0.1359375
4 0.43359375 0.909375 0.109375 0.1359375
4 0.51953125 0.715625 0.1234375 0.1421875
4 0.1109375 0.17578125 0.1234375 0.1546875
2 0.62578125 0.91953125 0.1015625 0.115625
4 0.12734375 0.58203125 0.109375 0.1375
4 0.29296875 0.6234375 0.1125 0.128125
2 0.34609375 0.14140625 0.13125 0.15625
3 0.68515625 0.3859375 0.1203125 0.1296875
4 0.87578125 0.41875 0.121875 0.1515625
4 0.87421875 0.15078125 0.1265625 0.15625
4 0.93125 0.7421875 0.115625 0.1328125