2 0.6203125 0.59921875 0.10390625 0.11328125
3 0.29453125 0.18828125 0.1109375 0.15078125
2 0.35078125 0.421875 0.1078125 0.12890625
1 0.7734375 0.321875 0.1015625 0.1265625
3 0.61015625 0.35 0.1125 0.1484375
4 0.64296875 0.1359375 0.103125 0.11484375
0 0.115625 0.328125 0.146875 0.1921875
3 0.9328125 0.13203125 0.1015625 0.13203125
0 0.0765625 0.1125 0.14375 0.1484375
3 0.25703125 0.7671875 0.0984375 0.11875
0 0.178125 0.5734375 0.125 0.1390625
4 0.40078125 0.82265625 0.1078125 0.12890625
0 0.684375 0.7953125 0.1234375 0.16171875
0 0.46953125 0.16875 0.13046875 0.125
2 0.93203125 0.37265625 0.10625 0.1453125
4 0.7859375 0.14765625 0.11484375 0.1265625
4 0.9109375 0.91953125 0.11171875 0.13984375
4 0.0984375 0.753125 0.10703125 0.14140625
4 0.86171875 0.60625 0.12109375 0.1625
1 0.4390625 0.62734375 0.11484375 0.1546875