0 0.9 0.50546875 0.15625 0.171875
0 0.3515625 0.33203125 0.146875 0.1625
0 0.465625 0.5421875 0.1671875 0.2015625
0 0.425 0.78515625 0.1578125 0.1921875
3 0.81953125 0.321875 0.146875 0.1671875
4 0.7640625 0.5484375 0.1484375 0.171875
3 0.25 0.51875 0.153125 0.1765625
4 0.1796875 0.94921875 0.15 0.1015625
4 0.8140625 0.8234375 0.1390625 0.1515625
2 0.92734375 0.74375 0.1234375 0.1359375
3 0.17890625 0.315625 0.14375 0.1703125
1 0.61796875 0.68203125 0.14375 0.1703125
4 0.64765625 0.078125 0.13125 0.15
4 0.05390625 0.33046875 0.1078125 0.1671875
1 0.2703125 0.7921875 0.1359375 0.159375
2 0.5859375 0.3984375 0.153125 0.175
1 0.825 0.09765625 0.14375 0.1703125
2 0.07109375 0.54921875 0.1421875 0.1609375
2 0.4609375 0.17421875 0.1390625 0.1609375
1 0.625 0.89453125 0.1546875 0.165625