0 0.65703125 0.328125 0.1484375 0.19375
0 0.915625 0.4953125 0.159375 0.1765625
0 0.70390625 0.78359375 0.1171875 0.178125
0 0.7203125 0.48671875 0.109375 0.1609375
0 0.64765625 0.13828125 0.115625 0.1421875
0 0.37109375 0.66328125 0.1296875 0.1484375
0 0.5453125 0.734375 0.1484375 0.1859375
1 0.48359375 0.32734375 0.1125 0.1359375
4 0.075 0.21484375 0.1171875 0.1328125
1 0.071875 0.496875 0.1203125 0.1375
3 0.86875 0.6734375 0.1328125 0.15625
2 0.31796875 0.48125 0.121875 0.1265625
3 0.09765625 0.67734375 0.1046875 0.125
2 0.803125 0.0734375 0.115625 0.1359375
3 0.878125 0.30078125 0.128125 0.1453125
4 0.28125 0.8625 0.1171875 0.1390625
3 0.121875 0.89375 0.121875 0.1421875
4 0.453125 0.0921875 0.1109375 0.13125
2 0.54453125 0.5375 0.1265625 0.1453125
2 0.3234375 0.1984375 0.1203125 0.1703125