1 0.26484375 0.53046875 0.1421875 0.1546875
1 0.1984375 0.24765625 0.1375 0.1546875
2 0.18984375 0.05703125 0.1328125 0.1140625
0 0.93515625 0.29375 0.1296875 0.2125
1 0.37265625 0.0640625 0.1390625 0.128125
0 0.665625 0.1109375 0.1828125 0.1890625
3 0.36640625 0.32578125 0.1484375 0.1578125
3 0.7484375 0.6890625 0.140625 0.16875
0 0.1375 0.75390625 0.178125 0.190625
1 0.9078125 0.6375 0.15625 0.1796875
2 0.378125 0.865625 0.1328125 0.1421875
1 0.1078125 0.47109375 0.13125 0.140625
0 0.81484375 0.15625 0.1625 0.196875
0 0.5125 0.090625 0.1625 0.18125
3 0.38828125 0.65234375 0.11875 0.1484375
0 0.553125 0.878125 0.16875 0.203125
0 0.71796875 0.91484375 0.1453125 0.165625
2 0.57109375 0.515625 0.1265625 0.15
1 0.77890625 0.3484375 0.1453125 0.1578125
4 0.5953125 0.29140625 0.140625 0.146875