0 0.55625 0.71015625 0.1546875 0.196875
0 0.1 0.3890625 0.15625 0.2109375
0 0.8671875 0.3984375 0.1515625 0.1828125
1 0.25078125 0.565625 0.1328125 0.15
4 0.59296875 0.2078125 0.15625 0.1609375
2 0.559375 0.8953125 0.115625 0.1265625
4 0.4875 0.48046875 0.1578125 0.175
2 0.8671875 0.61328125 0.096875 0.11875
3 0.3484375 0.8765625 0.140625 0.1515625
2 0.084375 0.69921875 0.140625 0.15
3 0.2 0.83671875 0.13125 0.1640625
2 0.8125 0.8046875 0.134375 0.146875
2 0.721875 0.95 0.134375 0.1
3 0.41953125 0.1703125 0.1546875 0.178125
1 0.40390625 0.65625 0.153125 0.1828125
4 0.16875 0.1296875 0.146875 0.15625
2 0.28828125 0.39296875 0.125 0.15
2 0.73359375 0.1734375 0.128125 0.165625
1 0.6375 0.52578125 0.14375 0.165625
3 0.92421875 0.21953125 0.1265625 0.1296875