1 0.38359375 0.27109375 0.10703125 0.14453125
1 0.69921875 0.728125 0.115625 0.1515625
0 0.734375 0.90234375 0.1390625 0.1671875
2 0.13828125 0.8453125 0.10078125 0.12890625
2 0.74609375 0.18828125 0.109375 0.11796875
4 0.93515625 0.11875 0.11484375 0.140625
3 0.92890625 0.35703125 0.0921875 0.121875
0 0.0984375 0.515625 0.1296875 0.13125
2 0.54765625 0.1734375 0.11484375 0.12578125
1 0.28359375 0.48125 0.1015625 0.13203125
2 0.5484375 0.92109375 0.10546875 0.121875
0 0.9125 0.5828125 0.11640625 0.16640625
2 0.28828125 0.91015625 0.09375 0.1171875
4 0.134375 0.31953125 0.10078125 0.12265625
2 0.65234375 0.50078125 0.10546875 0.1453125
4 0.93984375 0.85859375 0.11953125 0.16015625
4 0.48515625 0.4921875 0.10078125 0.12109375
2 0.51953125 0.71484375 0.1015625 0.14453125
2 0.0984375 0.115625 0.11875 0.16953125
3 0.33046875 0.74765625 0.10859375 0.11328125