1 0.3390625 0.85078125 0.12734375 0.1421875
0 0.38828125 0.2421875 0.13515625 0.13046875
1 0.2984375 0.64453125 0.1125 0.128125
0 0.52734375 0.9078125 0.12734375 0.14296875
0 0.33046875 0.4328125 0.1359375 0.1765625
1 0.77578125 0.903125 0.09921875 0.1359375
2 0.940625 0.89921875 0.0984375 0.1015625
0 0.09921875 0.6328125 0.1484375 0.17109375
1 0.7 0.12578125 0.10859375 0.13359375
0 0.90859375 0.553125 0.09921875 0.171875
0 0.0734375 0.3796875 0.11796875 0.1546875
3 0.74765625 0.7203125 0.1140625 0.14765625
4 0.48671875 0.6640625 0.1171875 0.13125
0 0.2578125 0.265625 0.09765625 0.153125
4 0.1 0.18203125 0.12421875 0.15
4 0.871875 0.27734375 0.115625 0.13828125
3 0.1328125 0.853125 0.10546875 0.12890625
4 0.5375 0.45234375 0.1234375 0.1453125
0 0.721875 0.38359375 0.15 0.19296875
4 0.525 0.22578125 0.1125 0.1234375