0 0.23515625 0.51875 0.1953125 0.2171875
0 0.5484375 0.65703125 0.178125 0.203125
0 0.846875 0.1640625 0.165625 0.1640625
0 0.415625 0.10078125 0.1734375 0.1984375
0 0.65390625 0.40625 0.1375 0.16875
4 0.196875 0.82265625 0.14375 0.1609375
4 0.0546875 0.39921875 0.109375 0.1453125
4 0.8546875 0.75703125 0.153125 0.178125
4 0.3234375 0.71796875 0.1671875 0.1984375
3 0.13203125 0.1921875 0.15625 0.1640625
2 0.73828125 0.578125 0.1234375 0.1375
1 0.2171875 0.9609375 0.15625 0.078125
3 0.846875 0.39609375 0.1515625 0.159375
1 0.67578125 0.81484375 0.15 0.1734375
2 0.9515625 0.6203125 0.096875 0.18125
4 0.40390625 0.94765625 0.1390625 0.1046875
4 0.63828125 0.14453125 0.1453125 0.159375
2 0.2625 0.14375 0.1296875 0.146875
2 0.43203125 0.40234375 0.1390625 0.153125
4 0.5609375 0.92734375 0.15625 0.1453125