4 0.89453125 0.3640625 0.1234375 0.1375
1 0.43203125 0.4703125 0.1140625 0.1265625
0 0.68671875 0.584375 0.128125 0.1609375
4 0.79140625 0.12265625 0.1125 0.1234375
2 0.58828125 0.346875 0.1140625 0.125
1 0.0875 0.86328125 0.1171875 0.1375
0 0.74140625 0.33203125 0.1328125 0.14375
4 0.89453125 0.64140625 0.0953125 0.121875
0 0.746875 0.80390625 0.146875 0.171875
0 0.90546875 0.8078125 0.1234375 0.14375
3 0.09140625 0.6765625 0.10625 0.1359375
3 0.26015625 0.9203125 0.1171875 0.128125
0 0.09453125 0.14375 0.1484375 0.175
0 0.60703125 0.784375 0.1234375 0.1578125
3 0.46953125 0.1125 0.1203125 0.1421875
3 0.41875 0.8390625 0.1015625 0.128125
2 0.65703125 0.09453125 0.1015625 0.1359375
0 0.234375 0.27265625 0.1453125 0.15625
1 0.26015625 0.69453125 0.1234375 0.1328125
1 0.1828125 0.51875 0.121875 0.159375