0 0.68359375 0.16015625 0.1328125 0.171875
2 0.61796875 0.88125 0.1109375 0.115625
0 0.4296875 0.709375 0.12421875 0.15859375
0 0.4171875 0.4953125 0.140625 0.15234375
0 0.91953125 0.66171875 0.115625 0.1671875
0 0.5828125 0.65546875 0.1328125 0.18828125
3 0.925 0.35546875 0.11171875 0.12734375
2 0.24921875 0.55390625 0.0953125 0.10859375
0 0.4625 0.90390625 0.14140625 0.1796875
1 0.19375 0.31484375 0.13046875 0.1421875
0 0.85 0.140625 0.12421875 0.13515625
4 0.38828125 0.3109375 0.11796875 0.14140625
1 0.2015625 0.75078125 0.11171875 0.12421875
3 0.7390625 0.68359375 0.11015625 0.14296875
2 0.66875 0.3828125 0.1046875 0.15078125
4 0.09453125 0.5109375 0.11796875 0.1578125
1 0.2890625 0.10546875 0.11640625 0.1390625
1 0.11640625 0.121875 0.1015625 0.11953125
1 0.46640625 0.13984375 0.10859375 0.1328125
1 0.8125 0.91015625 0.125 0.14453125