0 0.5953125 0.28984375 0.140625 0.16015625
0 0.35859375 0.571875 0.125 0.14765625
0 0.7421875 0.68671875 0.128125 0.13984375
0 0.15 0.75859375 0.128125 0.1296875
4 0.54609375 0.46796875 0.12109375 0.13671875
3 0.32265625 0.77421875 0.12109375 0.1484375
4 0.10390625 0.16484375 0.11796875 0.1484375
4 0.15859375 0.3609375 0.1140625 0.1390625
1 0.25625 0.13125 0.12421875 0.14609375
4 0.91953125 0.21484375 0.128125 0.13984375
2 0.75078125 0.13203125 0.08984375 0.12421875
1 0.86328125 0.8796875 0.1140625 0.1421875
3 0.90390625 0.41640625 0.121875 0.1328125
4 0.36328125 0.32890625 0.11796875 0.14296875
4 0.93828125 0.66015625 0.11328125 0.13125
3 0.4078125 0.1234375 0.1046875 0.134375
2 0.703125 0.8921875 0.09453125 0.12578125
4 0.75390625 0.35 0.103125 0.13046875
4 0.528125 0.66484375 0.10703125 0.11796875
4 0.49765625 0.85390625 0.11328125 0.14140625