0 0.090625 0.39765625 0.10625 0.1453125
1 0.215625 0.190625 0.10546875 0.12265625
0 0.18203125 0.88125 0.146875 0.15703125
4 0.721875 0.76796875 0.10859375 0.14375
2 0.71484375 0.3390625 0.09609375 0.1203125
1 0.41640625 0.1796875 0.1140625 0.1296875
4 0.9328125 0.45390625 0.125 0.15234375
2 0.7515625 0.12734375 0.10703125 0.12109375
1 0.778125 0.52421875 0.1078125 0.14375
2 0.3296875 0.3765625 0.11875 0.125
3 0.41875 0.803125 0.11015625 0.1359375
3 0.56875 0.19921875 0.12890625 0.14140625
1 0.9109375 0.19921875 0.1171875 0.1421875
3 0.4546875 0.61796875 0.1265625 0.16875
3 0.11171875 0.63671875 0.11796875 0.14609375
2 0.571875 0.88046875 0.1109375 0.1375
2 0.5984375 0.51953125 0.11484375 0.14765625
2 0.89609375 0.92109375 0.10703125 0.128125
2 0.29140625 0.6046875 0.1171875 0.146875
4 0.8921875 0.7046875 0.09609375 0.15