0 0.0421875 0.77421875 0.084375 0.1703125
0 0.94375 0.1765625 0.1125 0.190625
0 0.63125 0.796875 0.1390625 0.178125
0 0.903125 0.67890625 0.15625 0.1546875
0 0.07265625 0.59765625 0.1453125 0.1734375
1 0.87890625 0.40078125 0.121875 0.1484375
3 0.78046875 0.80703125 0.1375 0.15
0 0.52578125 0.23515625 0.134375 0.1625
0 0.675 0.3484375 0.1609375 0.20625
4 0.45703125 0.85703125 0.134375 0.1578125
0 0.209375 0.58984375 0.1546875 0.1859375
3 0.5625 0.55 0.1328125 0.15625
4 0.07578125 0.3671875 0.1203125 0.1421875
3 0.73359375 0.6140625 0.121875 0.146875
4 0.38359375 0.46640625 0.13125 0.1484375
4 0.1390625 0.0515625 0.13125 0.103125
3 0.19453125 0.7984375 0.1171875 0.1265625
4 0.82265625 0.1796875 0.13125 0.15
3 0.2453125 0.30546875 0.128125 0.1390625
4 0.31875 0.1203125 0.1265625 0.1609375