1 0.44296875 0.4875 0.10859375 0.12734375
2 0.8875 0.43359375 0.09375 0.115625
2 0.4328125 0.27265625 0.09140625 0.0984375
0 0.65703125 0.159375 0.140625 0.15234375
1 0.10390625 0.6328125 0.10625 0.1328125
0 0.32734375 0.91015625 0.11328125 0.1578125
3 0.47734375 0.0921875 0.10703125 0.1453125
1 0.67265625 0.82421875 0.1125 0.1265625
2 0.51796875 0.89609375 0.115625 0.12265625
0 0.40546875 0.6859375 0.1359375 0.16328125
0 0.15234375 0.17890625 0.1453125 0.1359375
2 0.8140625 0.15703125 0.13046875 0.14296875
0 0.8984375 0.6171875 0.10625 0.17265625
4 0.24140625 0.66171875 0.125 0.15703125
3 0.128125 0.3734375 0.1203125 0.13828125
0 0.59609375 0.35625 0.1234375 0.121875
2 0.0828125 0.85859375 0.1015625 0.13671875
4 0.82109375 0.83828125 0.10625 0.1234375
3 0.30234375 0.44375 0.11484375 0.12421875
1 0.66328125 0.58359375 0.10859375 0.13671875