0 0.496875 0.66953125 0.1796875 0.1984375
0 0.825 0.7265625 0.1671875 0.190625
0 0.2734375 0.81328125 0.16875 0.1890625
0 0.11640625 0.278125 0.1375 0.178125
1 0.68671875 0.5515625 0.1390625 0.1703125
3 0.2328125 0.059375 0.15625 0.11875
3 0.41875 0.8609375 0.14375 0.1578125
3 0.63203125 0.31875 0.1453125 0.1671875
3 0.225 0.5515625 0.1484375 0.175
3 0.809375 0.9171875 0.1296875 0.1390625
3 0.63046875 0.753125 0.146875 0.16875
2 0.928125 0.41015625 0.14375 0.1515625
4 0.04765625 0.72734375 0.0953125 0.1828125
3 0.80078125 0.3875 0.125 0.146875
2 0.26875 0.33984375 0.125 0.14375
2 0.89375 0.18359375 0.140625 0.1671875
1 0.06484375 0.51796875 0.1296875 0.1546875
4 0.75078125 0.1421875 0.159375 0.16875
4 0.51015625 0.09765625 0.1640625 0.1828125
4 0.43984375 0.425 0.1578125 0.1875