0 0.1515625 0.690625 0.1359375 0.1859375
0 0.32890625 0.528125 0.1359375 0.175
0 0.453125 0.1703125 0.1453125 0.159375
0 0.7421875 0.5328125 0.128125 0.1640625
0 0.34921875 0.33125 0.1203125 0.1328125
1 0.0921875 0.35390625 0.121875 0.1421875
3 0.9234375 0.39375 0.1203125 0.1515625
3 0.90078125 0.64765625 0.1234375 0.140625
2 0.91328125 0.18359375 0.109375 0.11875
4 0.19765625 0.10859375 0.128125 0.1578125
4 0.7578125 0.1390625 0.1203125 0.14375
3 0.55078125 0.58828125 0.1234375 0.153125
3 0.325 0.88125 0.1296875 0.1484375
1 0.62109375 0.16875 0.10625 0.128125
4 0.57578125 0.40234375 0.1109375 0.1484375
3 0.52734375 0.81875 0.128125 0.1375
4 0.890625 0.9125 0.1203125 0.1453125
4 0.69765625 0.765625 0.134375 0.15
4 0.13984375 0.88515625 0.115625 0.1375
4 0.775 0.29609375 0.0921875 0.1109375