3 0.1140625 0.2125 0.1078125 0.13984375
0 0.121875 0.4046875 0.1421875 0.184375
0 0.884375 0.72421875 0.14296875 0.17890625
2 0.69375 0.12578125 0.11171875 0.13515625
3 0.37265625 0.92421875 0.0984375 0.13984375
2 0.93359375 0.9171875 0.09609375 0.10859375
0 0.69375 0.378125 0.11640625 0.17421875
4 0.540625 0.2234375 0.121875 0.14375
0 0.30234375 0.23828125 0.128125 0.2015625
4 0.52890625 0.878125 0.096875 0.10703125
3 0.36328125 0.73203125 0.103125 0.121875
0 0.73828125 0.73671875 0.10703125 0.16171875
2 0.50625 0.646875 0.0984375 0.13203125
1 0.84765625 0.2578125 0.10625 0.1390625
4 0.21484375 0.90703125 0.10859375 0.14375
2 0.9078125 0.5453125 0.0953125 0.11328125
4 0.534375 0.40625 0.10859375 0.12109375
4 0.10234375 0.590625 0.121875 0.13671875
1 0.725 0.896875 0.11171875 0.13828125
1 0.3265625 0.52734375 0.1109375 0.140625