0 0.17578125 0.92109375 0.1359375 0.1578125
0 0.06484375 0.1796875 0.1296875 0.2
0 0.25859375 0.609375 0.1796875 0.209375
0 0.396875 0.62421875 0.1609375 0.2078125
0 0.5453125 0.89921875 0.1578125 0.19375
0 0.66640625 0.06171875 0.1703125 0.1234375
4 0.61484375 0.27265625 0.1328125 0.1453125
2 0.27890625 0.34375 0.1125 0.1234375
4 0.22578125 0.1203125 0.14375 0.159375
0 0.39921875 0.178125 0.165625 0.190625
1 0.7859375 0.21015625 0.140625 0.159375
1 0.4859375 0.40703125 0.140625 0.159375
4 0.31171875 0.87265625 0.1453125 0.1703125
3 0.73046875 0.446875 0.1453125 0.1703125
3 0.83828125 0.04765625 0.1390625 0.0953125
3 0.10078125 0.36484375 0.140625 0.1546875
1 0.55703125 0.6390625 0.1625 0.1796875
4 0.91875 0.375 0.1375 0.1484375
4 0.93671875 0.62421875 0.1265625 0.1671875
2 0.75390625 0.8171875 0.134375 0.1546875