3 0.37109375 0.1109375 0.1234375 0.1328125
1 0.21640625 0.590625 0.1328125 0.1421875
0 0.24921875 0.3609375 0.1546875 0.2015625
0 0.6421875 0.68828125 0.134375 0.2
1 0.81796875 0.73515625 0.1296875 0.1453125
3 0.5796875 0.48203125 0.11875 0.1421875
2 0.43203125 0.5953125 0.125 0.146875
0 0.078125 0.39609375 0.15625 0.1671875
0 0.11796875 0.9046875 0.1546875 0.190625
2 0.1953125 0.11484375 0.1265625 0.1515625
0 0.43046875 0.85 0.140625 0.1921875
0 0.39453125 0.34609375 0.134375 0.1671875
0 0.83828125 0.0765625 0.1515625 0.153125
4 0.05234375 0.15625 0.1046875 0.15625
2 0.68671875 0.15 0.121875 0.153125
1 0.28046875 0.88984375 0.1453125 0.1609375
3 0.059375 0.56953125 0.1140625 0.140625
1 0.64765625 0.84765625 0.1390625 0.1375
1 0.53828125 0.184375 0.134375 0.1671875
1 0.83515625 0.41484375 0.121875 0.1453125