1 0.44609375 0.4765625 0.13125 0.1453125
2 0.89296875 0.50859375 0.1140625 0.13125
2 0.47734375 0.2640625 0.1078125 0.1140625
0 0.71875 0.1953125 0.1671875 0.1765625
1 0.0859375 0.5546875 0.1296875 0.15
0 0.25234375 0.86953125 0.140625 0.1765625
3 0.55546875 0.0953125 0.1328125 0.1625
1 0.6078125 0.8515625 0.134375 0.1453125
2 0.4421875 0.8921875 0.1375 0.1421875
0 0.371875 0.66484375 0.1640625 0.1859375
0 0.2203125 0.11875 0.16875 0.1609375
2 0.8734375 0.2234375 0.1546875 0.165625
0 0.86875 0.69140625 0.1375 0.1890625
4 0.215625 0.609375 0.153125 0.178125
3 0.159375 0.3046875 0.14375 0.159375
0 0.621875 0.37734375 0.14375 0.14375
2 0.0421875 0.771875 0.084375 0.153125
4 0.75078125 0.89296875 0.128125 0.1421875
3 0.31640625 0.40703125 0.1359375 0.14375
1 0.64453125 0.61328125 0.1328125 0.1546875