1 0.271875 0.125 0.11484375 0.14921875
1 0.59453125 0.621875 0.11015625 0.1171875
1 0.90859375 0.2078125 0.125 0.15078125
2 0.57578125 0.11796875 0.103125 0.11796875
0 0.396875 0.86875 0.14609375 0.18125
3 0.5765625 0.37265625 0.103125 0.13984375
0 0.09453125 0.6921875 0.12890625 0.178125
0 0.75703125 0.171875 0.13125 0.15078125
2 0.121875 0.5109375 0.10859375 0.128125
0 0.94140625 0.475 0.11328125 0.15390625
1 0.8171875 0.90390625 0.1109375 0.1484375
0 0.878125 0.65078125 0.14296875 0.178125
4 0.4453125 0.67578125 0.121875 0.13203125
2 0.74296875 0.38515625 0.11640625 0.15
2 0.40546875 0.33125 0.125 0.1546875
4 0.28828125 0.53828125 0.12109375 0.13515625
2 0.64765625 0.86171875 0.11484375 0.13515625
4 0.12734375 0.19609375 0.09921875 0.13046875
4 0.16171875 0.8875 0.1140625 0.13828125
1 0.440625 0.11015625 0.1125 0.15234375