1 0.284375 0.79140625 0.1234375 0.1421875
3 0.271875 0.47265625 0.1296875 0.16875
3 0.828125 0.7765625 0.1390625 0.1453125
2 0.1375 0.5515625 0.121875 0.13125
4 0.12109375 0.16640625 0.14375 0.153125
2 0.4765625 0.121875 0.1390625 0.15625
4 0.66015625 0.67421875 0.1375 0.1578125
3 0.81171875 0.0765625 0.1390625 0.153125
0 0.46484375 0.63984375 0.1484375 0.153125
0 0.1359375 0.85234375 0.14375 0.146875
2 0.64765625 0.0640625 0.1390625 0.128125
2 0.46796875 0.38828125 0.1203125 0.14375
2 0.678125 0.2296875 0.13125 0.1578125
4 0.6515625 0.45859375 0.1546875 0.1796875
3 0.45078125 0.8484375 0.140625 0.15
3 0.8671875 0.578125 0.1375 0.1671875
4 0.90625 0.39453125 0.15 0.1640625
4 0.9578125 0.76640625 0.084375 0.1609375
4 0.06640625 0.3359375 0.1328125 0.1625
4 0.32109375 0.125 0.1296875 0.1390625