1 0.9328125 0.5359375 0.115625 0.1453125
1 0.21015625 0.79765625 0.109375 0.12734375
2 0.103125 0.2203125 0.0984375 0.11796875
0 0.90625 0.32890625 0.1171875 0.17734375
2 0.41796875 0.38984375 0.10625 0.153125
0 0.35 0.19375 0.1265625 0.13203125
3 0.940625 0.91953125 0.1109375 0.13984375
0 0.5734375 0.9171875 0.11875 0.128125
3 0.59765625 0.5765625 0.11796875 0.13125
0 0.91640625 0.7171875 0.13203125 0.1421875
0 0.7921875 0.54140625 0.11875 0.14453125
2 0.384375 0.83046875 0.11796875 0.1296875
2 0.50859375 0.11953125 0.11484375 0.121875
3 0.2734375 0.37421875 0.09765625 0.13359375
0 0.42734375 0.62578125 0.121875 0.1671875
4 0.61875 0.3328125 0.1296875 0.17421875
3 0.23203125 0.54375 0.12109375 0.12734375
4 0.8625 0.1046875 0.1171875 0.1515625
3 0.7359375 0.153125 0.11015625 0.1421875
1 0.728125 0.74921875 0.11875 0.15