0 0.08359375 0.359375 0.1671875 0.184375
0 0.590625 0.60859375 0.14375 0.19375
0 0.70234375 0.36796875 0.146875 0.153125
0 0.7328125 0.87890625 0.1265625 0.1828125
4 0.8796875 0.07734375 0.1265625 0.1453125
1 0.19609375 0.59921875 0.11875 0.1609375
1 0.3984375 0.5734375 0.1171875 0.1578125
1 0.45703125 0.85 0.1234375 0.140625
0 0.096875 0.83984375 0.1421875 0.1609375
4 0.278125 0.11171875 0.13125 0.140625
0 0.08828125 0.12734375 0.13125 0.1765625
4 0.86484375 0.47265625 0.121875 0.1453125
1 0.42890625 0.33671875 0.125 0.146875
4 0.9203125 0.67421875 0.1203125 0.15
3 0.6625 0.10546875 0.1125 0.1203125
1 0.8625 0.28984375 0.1125 0.15
4 0.30234375 0.8890625 0.1171875 0.1328125
4 0.7515625 0.6609375 0.1046875 0.1328125
3 0.23046875 0.3140625 0.13125 0.165625
4 0.47734375 0.0703125 0.13125 0.1375