0 0.82421875 0.12578125 0.1515625 0.196875
0 0.8984375 0.5578125 0.1875 0.221875
0 0.0765625 0.17890625 0.153125 0.1921875
0 0.8921875 0.3625 0.153125 0.178125
4 0.6984375 0.78515625 0.1375 0.1515625
2 0.53984375 0.21640625 0.1171875 0.1265625
1 0.2359375 0.3828125 0.15625 0.1625
4 0.434375 0.41484375 0.14375 0.159375
3 0.9703125 0.72890625 0.059375 0.1703125
1 0.45859375 0.9171875 0.134375 0.14375
2 0.184375 0.96484375 0.115625 0.0703125
3 0.68359375 0.2359375 0.159375 0.1828125
3 0.72265625 0.403125 0.1515625 0.1796875
4 0.85546875 0.7640625 0.1421875 0.153125
1 0.34765625 0.10234375 0.128125 0.140625
4 0.1859375 0.765625 0.134375 0.15625
4 0.58125 0.60703125 0.146875 0.15625
3 0.12578125 0.565625 0.1359375 0.1515625
4 0.38984375 0.6859375 0.15625 0.171875
3 0.0765625 0.37421875 0.1265625 0.1421875