0 0.5109375 0.38515625 0.109375 0.16640625
0 0.29921875 0.18828125 0.13359375 0.184375
0 0.5578125 0.6484375 0.12890625 0.15078125
0 0.48203125 0.87578125 0.1140625 0.1671875
0 0.33515625 0.4265625 0.14453125 0.16875
2 0.82890625 0.13125 0.09609375 0.1234375
1 0.13828125 0.21328125 0.1203125 0.15703125
4 0.31953125 0.62265625 0.12265625 0.1296875
4 0.16875 0.63828125 0.115625 0.13984375
2 0.83515625 0.34375 0.090625 0.11953125
2 0.178125 0.39765625 0.10234375 0.10703125
2 0.746875 0.6125 0.1 0.11796875
4 0.26953125 0.821875 0.09921875 0.1296875
3 0.69609375 0.86953125 0.13203125 0.15625
2 0.65625 0.38046875 0.1 0.12265625
1 0.128125 0.8453125 0.1125 0.140625
2 0.653125 0.11484375 0.1140625 0.1359375
4 0.921875 0.76640625 0.121875 0.14375
4 0.50859375 0.1703125 0.1125 0.15546875
1 0.9171875 0.5515625 0.09609375 0.1140625