0 0.1359375 0.67578125 0.1203125 0.153125
0 0.69453125 0.678125 0.1328125 0.1875
0 0.09140625 0.8890625 0.1171875 0.125
4 0.28828125 0.44765625 0.1171875 0.140625
1 0.48203125 0.81640625 0.096875 0.13125
0 0.63359375 0.86328125 0.13125 0.146875
2 0.18359375 0.09921875 0.1 0.121875
1 0.7984375 0.134375 0.11875 0.1359375
0 0.7109375 0.38671875 0.13125 0.153125
2 0.3671875 0.146875 0.1078125 0.115625
4 0.27578125 0.81875 0.1125 0.134375
4 0.528125 0.1828125 0.1125 0.134375
4 0.3125 0.61953125 0.109375 0.115625
1 0.14140625 0.478125 0.1265625 0.1421875
4 0.10859375 0.28515625 0.09375 0.1109375
4 0.875 0.6625 0.1109375 0.1375
3 0.56796875 0.384375 0.1265625 0.1375
4 0.93359375 0.40078125 0.11875 0.1296875
4 0.56640625 0.5671875 0.10625 0.140625
4 0.82109375 0.87578125 0.1234375 0.13125