0 0.35625 0.753125 0.1640625 0.1828125
0 0.91875 0.33984375 0.1359375 0.153125
0 0.95625 0.16640625 0.0875 0.1828125
0 0.6984375 0.503125 0.1375 0.1921875
4 0.3921875 0.1609375 0.134375 0.15
4 0.5359375 0.7375 0.134375 0.1625
4 0.21875 0.16953125 0.1515625 0.1546875
1 0.0921875 0.5109375 0.121875 0.1359375
3 0.77734375 0.3125 0.1421875 0.15
4 0.11015625 0.80078125 0.134375 0.1546875
3 0.56953125 0.509375 0.1359375 0.1515625
1 0.8296875 0.115625 0.1359375 0.146875
3 0.25859375 0.43125 0.140625 0.153125
4 0.43515625 0.45390625 0.1328125 0.1640625
4 0.60234375 0.08984375 0.128125 0.1359375
3 0.20703125 0.61875 0.1453125 0.165625
2 0.8484375 0.87421875 0.11875 0.1375
2 0.6984375 0.8203125 0.128125 0.1484375
4 0.90546875 0.578125 0.153125 0.16875
2 0.54921875 0.2796875 0.1296875 0.159375