1 0.58984375 0.41796875 0.134375 0.15625
1 0.7421875 0.49609375 0.1390625 0.153125
0 0.64140625 0.7109375 0.1328125 0.159375
2 0.46484375 0.6046875 0.121875 0.1375
1 0.48984375 0.85078125 0.1375 0.15625
4 0.9125 0.19765625 0.125 0.1421875
0 0.0421875 0.7265625 0.084375 0.14375
0 0.28671875 0.80546875 0.1671875 0.215625
0 0.896875 0.52734375 0.171875 0.184375
0 0.1765625 0.0609375 0.153125 0.121875
2 0.77890625 0.16640625 0.13125 0.1546875
2 0.4546875 0.1109375 0.1265625 0.1359375
2 0.85390625 0.703125 0.1359375 0.1546875
2 0.215625 0.26328125 0.121875 0.1375
0 0.06640625 0.48359375 0.1328125 0.1640625
0 0.2953125 0.60859375 0.13125 0.165625
2 0.32734375 0.0875 0.1296875 0.1625
2 0.5984375 0.20546875 0.121875 0.1515625
4 0.34921875 0.4109375 0.1421875 0.1484375
3 0.7671875 0.9125 0.125 0.1421875