0 0.73515625 0.72265625 0.1484375 0.1828125
0 0.89765625 0.521875 0.1515625 0.1625
0 0.90546875 0.715625 0.1515625 0.175
3 0.13359375 0.6109375 0.1390625 0.175
4 0.32578125 0.4265625 0.121875 0.1328125
0 0.46875 0.3921875 0.1625 0.1734375
4 0.5578125 0.559375 0.115625 0.128125
1 0.70078125 0.08671875 0.1328125 0.146875
4 0.37734375 0.14453125 0.140625 0.1421875
1 0.9046875 0.90234375 0.125 0.14375
2 0.5640625 0.796875 0.1234375 0.15625
1 0.865625 0.27421875 0.125 0.1703125
1 0.7 0.53125 0.1234375 0.1578125
4 0.1140625 0.10703125 0.1125 0.1390625
2 0.95078125 0.10546875 0.0984375 0.1359375
2 0.16171875 0.34140625 0.1140625 0.14375
1 0.30859375 0.61328125 0.1296875 0.140625
1 0.209375 0.8296875 0.1265625 0.14375
4 0.65546875 0.284375 0.134375 0.178125
4 0.37265625 0.79765625 0.1234375 0.1421875