1 0.23671875 0.31640625 0.159375 0.1796875
1 0.4875 0.6171875 0.1296875 0.1515625
1 0.7671875 0.95546875 0.14375 0.0890625
3 0.3484375 0.55546875 0.15625 0.1734375
0 0.64453125 0.70234375 0.1671875 0.175
3 0.39140625 0.875 0.1328125 0.1546875
0 0.0875 0.82890625 0.15 0.1796875
1 0.28984375 0.75546875 0.14375 0.171875
0 0.9359375 0.28203125 0.128125 0.2078125
0 0.5671875 0.925 0.16875 0.15
3 0.34296875 0.15078125 0.1453125 0.1734375
2 0.4703125 0.37421875 0.109375 0.11875
3 0.778125 0.53828125 0.1375 0.1609375
4 0.78671875 0.76796875 0.153125 0.1609375
4 0.06328125 0.57890625 0.1265625 0.1609375
0 0.771875 0.27421875 0.1515625 0.175
2 0.61953125 0.4453125 0.1546875 0.1609375
4 0.91796875 0.5234375 0.1453125 0.1671875
4 0.50546875 0.1359375 0.1453125 0.171875
2 0.19140625 0.11953125 0.13125 0.1671875