0 0.46875 0.7046875 0.1390625 0.1828125
0 0.115625 0.09609375 0.13984375 0.1765625
0 0.9234375 0.3859375 0.13671875 0.1765625
0 0.7046875 0.64609375 0.11015625 0.18125
0 0.1140625 0.51328125 0.140625 0.1734375
0 0.53984375 0.13828125 0.14296875 0.1703125
0 0.45390625 0.4859375 0.1234375 0.17265625
1 0.821875 0.15859375 0.12109375 0.140625
2 0.77890625 0.8875 0.1015625 0.13046875
3 0.3265625 0.1953125 0.12734375 0.16796875
4 0.13125 0.31953125 0.1171875 0.14609375
3 0.10390625 0.790625 0.103125 0.13671875
4 0.6234375 0.8921875 0.103125 0.12421875
1 0.91328125 0.5921875 0.12109375 0.13984375
2 0.30078125 0.89296875 0.1078125 0.13125
2 0.7453125 0.29765625 0.1171875 0.13125
2 0.59921875 0.35 0.1 0.1421875
2 0.94140625 0.803125 0.1109375 0.14453125
4 0.4484375 0.884375 0.11015625 0.12265625
4 0.29140625 0.58046875 0.103125 0.14765625