1 0.48359375 0.346875 0.140625 0.1625
1 0.13671875 0.38125 0.153125 0.1765625
1 0.353125 0.89609375 0.1421875 0.153125
2 0.53203125 0.134375 0.1265625 0.1453125
0 0.1890625 0.559375 0.190625 0.2015625
3 0.6953125 0.04765625 0.115625 0.0953125
2 0.66796875 0.31875 0.15 0.159375
2 0.83984375 0.04609375 0.1328125 0.0921875
2 0.45859375 0.6328125 0.1296875 0.140625
0 0.3234375 0.42265625 0.1875 0.20625
0 0.609375 0.5796875 0.1375 0.15625
2 0.93125 0.51953125 0.1375 0.1828125
3 0.846875 0.21875 0.1328125 0.159375
4 0.1734375 0.8703125 0.1515625 0.171875
3 0.74140625 0.8125 0.1359375 0.1609375
0 0.13828125 0.19296875 0.15 0.1859375
3 0.74140625 0.5203125 0.1546875 0.18125
4 0.35703125 0.1421875 0.165625 0.1734375
4 0.5203125 0.88203125 0.1328125 0.153125
1 0.90546875 0.79921875 0.1296875 0.15