1 0.7203125 0.6546875 0.1421875 0.1484375
0 0.29609375 0.83046875 0.1640625 0.1671875
3 0.2109375 0.4296875 0.1453125 0.175
1 0.50078125 0.803125 0.1375 0.153125
2 0.6625 0.4703125 0.1125 0.1171875
1 0.10859375 0.675 0.134375 0.1515625
0 0.0390625 0.28828125 0.078125 0.1953125
0 0.5046875 0.284375 0.153125 0.1875
0 0.6640625 0.1671875 0.1671875 0.1765625
0 0.88359375 0.49921875 0.153125 0.184375
3 0.44140625 0.1125 0.13125 0.15625
0 0.06875 0.5078125 0.1375 0.18125
0 0.28359375 0.21484375 0.175 0.209375
4 0.95625 0.80859375 0.0875 0.1609375
4 0.8015625 0.04765625 0.15625 0.0953125
0 0.8015625 0.31796875 0.1546875 0.1859375
4 0.71484375 0.87109375 0.1375 0.146875
4 0.2703125 0.5703125 0.146875 0.178125
4 0.140625 0.2 0.146875 0.16875
4 0.47109375 0.56328125 0.140625 0.1546875