1 0.6296875 0.63828125 0.1375 0.1515625
0 0.4515625 0.6 0.140625 0.196875
0 0.5015625 0.37109375 0.1671875 0.190625
4 0.809375 0.8296875 0.1171875 0.125
3 0.12734375 0.315625 0.14375 0.1609375
0 0.42890625 0.9046875 0.1390625 0.190625
2 0.64921875 0.228125 0.13125 0.1546875
3 0.82734375 0.17890625 0.1484375 0.1671875
2 0.63828125 0.82890625 0.1140625 0.1453125
4 0.275 0.53125 0.1375 0.153125
3 0.115625 0.59921875 0.1375 0.171875
1 0.309375 0.30390625 0.15 0.1734375
2 0.7625 0.63984375 0.115625 0.14375
2 0.1828125 0.11484375 0.128125 0.1453125
4 0.90078125 0.48203125 0.146875 0.1484375
4 0.67421875 0.43125 0.1328125 0.153125
4 0.21328125 0.8421875 0.1390625 0.1515625
1 0.57421875 0.08359375 0.121875 0.1234375
1 0.94453125 0.7609375 0.1109375 0.171875