3 0.21796875 0.63828125 0.115625 0.1453125
0 0.43515625 0.70859375 0.1515625 0.159375
2 0.28984375 0.31796875 0.1046875 0.1203125
3 0.8078125 0.91171875 0.1234375 0.1515625
3 0.7734375 0.18515625 0.1125 0.1484375
3 0.5875 0.15703125 0.11875 0.1390625
0 0.61015625 0.8359375 0.1375 0.15
3 0.4390625 0.8828125 0.1203125 0.146875
0 0.46171875 0.421875 0.159375 0.175
3 0.1515625 0.0734375 0.11875 0.140625
2 0.21328125 0.8109375 0.1125 0.115625
0 0.92109375 0.18359375 0.1546875 0.190625
3 0.871875 0.4484375 0.1203125 0.140625
3 0.325 0.08359375 0.1328125 0.1625
2 0.828125 0.703125 0.1140625 0.134375
2 0.04375 0.83515625 0.0875 0.1328125
3 0.10703125 0.2328125 0.11875 0.15
3 0.05625 0.6625 0.1015625 0.1078125
3 0.6421875 0.55 0.1375 0.1453125
3 0.11640625 0.44140625 0.1265625 0.1359375