2 0.43125 0.62109375 0.11484375 0.12421875
1 0.22109375 0.67734375 0.11875 0.1375
0 0.328125 0.11171875 0.14921875 0.17421875
1 0.3796875 0.90625 0.11015625 0.14296875
0 0.28046875 0.48828125 0.12890625 0.1640625
0 0.6984375 0.2203125 0.128125 0.13828125
2 0.8734375 0.47734375 0.10703125 0.13046875
0 0.52890625 0.11015625 0.11875 0.14296875
3 0.209375 0.90625 0.10546875 0.13828125
0 0.92421875 0.2890625 0.12265625 0.16171875
4 0.76953125 0.921875 0.10703125 0.14140625
0 0.125 0.46015625 0.1140625 0.14453125
3 0.8484375 0.6546875 0.0984375 0.12421875
2 0.915625 0.90859375 0.1046875 0.14375
2 0.59453125 0.9203125 0.103125 0.13671875
4 0.09921875 0.2484375 0.11875 0.1546875
4 0.53984375 0.3671875 0.11953125 0.1328125
1 0.72578125 0.45625 0.12109375 0.16171875
1 0.31328125 0.30859375 0.11875 0.14453125
3 0.63828125 0.6484375 0.11328125 0.13046875