1 0.09609375 0.56875 0.1125 0.134375
1 0.0734375 0.1484375 0.1234375 0.1546875
1 0.54453125 0.2515625 0.1109375 0.1390625
1 0.0640625 0.76328125 0.1046875 0.1359375
0 0.21484375 0.1015625 0.128125 0.159375
0 0.815625 0.6859375 0.11875 0.15
0 0.23515625 0.65390625 0.1328125 0.1484375
0 0.278125 0.884375 0.1265625 0.1265625
3 0.478125 0.45546875 0.10625 0.134375
0 0.8265625 0.11328125 0.1390625 0.165625
2 0.37578125 0.14609375 0.1140625 0.146875
4 0.07265625 0.3625 0.1125 0.1234375
1 0.425 0.67890625 0.1203125 0.15625
4 0.659375 0.68203125 0.1234375 0.146875
4 0.6890625 0.47734375 0.1234375 0.1453125
2 0.5953125 0.8734375 0.1125 0.159375
1 0.3328125 0.384375 0.1171875 0.15
4 0.84609375 0.875 0.1078125 0.121875
1 0.88984375 0.48359375 0.11875 0.1390625
4 0.4578125 0.86875 0.103125 0.14375