0 0.45703125 0.6046875 0.12578125 0.17265625
0 0.1015625 0.86015625 0.13515625 0.18046875
0 0.56796875 0.8171875 0.1328125 0.13984375
0 0.27109375 0.59296875 0.12421875 0.15859375
0 0.64921875 0.575 0.13828125 0.14453125
0 0.11171875 0.6171875 0.13046875 0.14921875
0 0.11171875 0.22265625 0.12265625 0.18203125
4 0.425 0.2234375 0.11953125 0.14296875
3 0.63125 0.40390625 0.12578125 0.13828125
4 0.84921875 0.565625 0.1078125 0.12421875
3 0.7453125 0.7640625 0.10234375 0.13671875
3 0.9203125 0.19375 0.11640625 0.1484375
3 0.7765625 0.1625 0.121875 0.15390625
3 0.88671875 0.89765625 0.11640625 0.13359375
4 0.33515625 0.83203125 0.128125 0.15
4 0.61484375 0.209375 0.10859375 0.1296875
3 0.7625 0.3421875 0.109375 0.12421875
2 0.92578125 0.34921875 0.10625 0.12265625
2 0.27109375 0.33359375 0.11640625 0.1328125
1 0.43984375 0.42578125 0.11796875 0.15078125