0 0.22734375 0.13359375 0.11875 0.1796875
0 0.6828125 0.45390625 0.1546875 0.175
3 0.4703125 0.13203125 0.1109375 0.125
4 0.4828125 0.7015625 0.1046875 0.1171875
4 0.50703125 0.55 0.1140625 0.1328125
4 0.93984375 0.91640625 0.109375 0.13125
1 0.3515625 0.871875 0.109375 0.1390625
3 0.065625 0.303125 0.1234375 0.1375
4 0.21171875 0.5421875 0.1203125 0.140625
3 0.1140625 0.83984375 0.109375 0.14375
0 0.8453125 0.49453125 0.1453125 0.1515625
4 0.24140625 0.31796875 0.1296875 0.15625
1 0.76328125 0.91484375 0.10625 0.1453125
3 0.65390625 0.25 0.1140625 0.1484375
1 0.54375 0.9015625 0.1265625 0.1578125
2 0.090625 0.13046875 0.1140625 0.13125
2 0.6671875 0.7015625 0.11875 0.146875
2 0.82890625 0.153125 0.109375 0.140625
2 0.89453125 0.69609375 0.1109375 0.1421875
4 0.45859375 0.340625 0.121875 0.1640625