0 0.546875 0.54296875 0.1296875 0.15
1 0.134375 0.8078125 0.115625 0.125
0 0.8984375 0.434375 0.153125 0.1859375
1 0.784375 0.6546875 0.121875 0.1546875
0 0.1640625 0.634375 0.1265625 0.1953125
2 0.3890625 0.37421875 0.134375 0.1359375
3 0.26171875 0.83671875 0.1234375 0.15625
4 0.58203125 0.29296875 0.1265625 0.153125
3 0.70703125 0.903125 0.1234375 0.153125
2 0.05625 0.1625 0.1125 0.14375
4 0.45234375 0.92265625 0.1203125 0.14375
0 0.91171875 0.88671875 0.1375 0.1859375
3 0.18359375 0.446875 0.1140625 0.1296875
4 0.8109375 0.19375 0.1234375 0.15
2 0.35546875 0.14375 0.1359375 0.1546875
1 0.73671875 0.45234375 0.1125 0.128125
2 0.52265625 0.12265625 0.1203125 0.1453125
4 0.22578125 0.18203125 0.121875 0.1625
1 0.36484375 0.5515625 0.125 0.13125
1 0.6046875 0.72890625 0.1203125 0.140625