0 0.734375 0.36015625 0.1390625 0.153125
0 0.86640625 0.6453125 0.1359375 0.15625
0 0.54765625 0.37109375 0.1203125 0.1796875
0 0.38984375 0.12890625 0.140625 0.1734375
4 0.25625 0.840625 0.125 0.1359375
2 0.1109375 0.05703125 0.1 0.1140625
1 0.09296875 0.5484375 0.134375 0.159375
4 0.434375 0.7703125 0.128125 0.159375
2 0.11796875 0.80234375 0.1078125 0.13125
1 0.9015625 0.465625 0.103125 0.1203125
3 0.6640625 0.56171875 0.125 0.165625
1 0.6671875 0.7515625 0.1296875 0.15
0 0.78671875 0.16484375 0.14375 0.1671875
1 0.26484375 0.35546875 0.128125 0.1484375
3 0.925 0.8296875 0.1203125 0.153125
3 0.121875 0.2796875 0.11875 0.140625
3 0.26171875 0.56875 0.1234375 0.1359375
4 0.94375 0.16484375 0.1125 0.1671875
3 0.55078125 0.103125 0.1375 0.146875
1 0.38203125 0.428125 0.1078125 0.14375