0 0.38359375 0.17265625 0.11015625 0.14375
0 0.615625 0.8703125 0.1390625 0.159375
4 0.93046875 0.3453125 0.10625 0.125
4 0.7640625 0.79609375 0.1125 0.12421875
4 0.93203125 0.1546875 0.109375 0.13203125
4 0.23828125 0.6359375 0.12265625 0.13671875
2 0.40390625 0.43828125 0.11796875 0.14140625
4 0.93671875 0.81484375 0.1125 0.13671875
4 0.68671875 0.565625 0.12734375 0.146875
3 0.24453125 0.42734375 0.09609375 0.13984375
3 0.5125 0.67421875 0.11328125 0.14375
2 0.540625 0.28046875 0.10859375 0.140625
2 0.5984375 0.1125 0.109375 0.12265625
2 0.08671875 0.421875 0.09921875 0.13046875
3 0.76796875 0.22265625 0.103125 0.13515625
3 0.0875 0.18125 0.1109375 0.121875
1 0.2953125 0.80859375 0.10546875 0.15078125
2 0.14765625 0.84453125 0.1046875 0.13125
3 0.865625 0.60390625 0.10859375 0.13671875
4 0.44453125 0.8796875 0.12421875 0.16796875