1 0.45390625 0.57578125 0.1203125 0.1328125
0 0.27421875 0.14453125 0.1203125 0.14375
0 0.08046875 0.325 0.13125 0.1828125
3 0.253125 0.32109375 0.1078125 0.140625
4 0.6078125 0.60546875 0.109375 0.1453125
2 0.5484375 0.12265625 0.10625 0.1390625
0 0.7 0.09921875 0.1328125 0.13125
3 0.3703125 0.38046875 0.1078125 0.146875
4 0.7890625 0.7921875 0.1015625 0.1234375
0 0.86796875 0.5734375 0.128125 0.1796875
2 0.60234375 0.42890625 0.0953125 0.1234375
0 0.9015625 0.2984375 0.1328125 0.15
2 0.39140625 0.825 0.10625 0.125
4 0.10703125 0.11171875 0.1171875 0.14375
4 0.115625 0.865625 0.10625 0.1359375
1 0.24609375 0.6140625 0.11875 0.1375
4 0.096875 0.5890625 0.10625 0.1234375
1 0.5546875 0.82578125 0.103125 0.115625
4 0.88359375 0.0671875 0.103125 0.1171875
0 0.7578125 0.371875 0.1234375 0.16875