1 0.09921875 0.6546875 0.1359375 0.1453125
2 0.76953125 0.14765625 0.125 0.1328125
0 0.5296875 0.65 0.13125 0.1734375
2 0.696875 0.47265625 0.1203125 0.1296875
1 0.94296875 0.17578125 0.1140625 0.1515625
1 0.1203125 0.86328125 0.13125 0.1640625
1 0.43046875 0.075 0.125 0.14375
0 0.4859375 0.40703125 0.134375 0.1921875
2 0.93359375 0.603125 0.11875 0.13125
2 0.10703125 0.2734375 0.1125 0.1125
3 0.3171875 0.57109375 0.1125 0.128125
3 0.9375 0.3859375 0.1125 0.1421875
3 0.81875 0.92265625 0.13125 0.1546875
2 0.628125 0.20234375 0.1046875 0.1265625
3 0.55859375 0.8546875 0.103125 0.1328125
4 0.27421875 0.265625 0.1296875 0.1625
3 0.271875 0.05703125 0.115625 0.1140625
0 0.2796875 0.875 0.1390625 0.1765625
4 0.1625 0.46875 0.121875 0.1453125
4 0.69140625 0.65234375 0.1234375 0.134375