1 0.8390625 0.33359375 0.11796875 0.13359375
1 0.3015625 0.54140625 0.109375 0.1171875
1 0.140625 0.90546875 0.12265625 0.1453125
0 0.68203125 0.38828125 0.128125 0.1265625
0 0.721875 0.56328125 0.14375 0.18515625
0 0.2859375 0.778125 0.1296875 0.1375
0 0.4421875 0.715625 0.1140625 0.15859375
2 0.715625 0.740625 0.08671875 0.1046875
3 0.51171875 0.42421875 0.10859375 0.13125
0 0.09375 0.2109375 0.121875 0.17265625
4 0.2578125 0.1328125 0.10546875 0.13125
0 0.46171875 0.928125 0.13671875 0.13671875
0 0.31796875 0.3265625 0.146875 0.1875
0 0.13203125 0.66875 0.10234375 0.15859375
4 0.8734375 0.12578125 0.11171875 0.1375
3 0.45625 0.13671875 0.10625 0.13046875
4 0.09140625 0.4 0.11328125 0.1375
3 0.88828125 0.89375 0.11484375 0.14375
4 0.67890625 0.20390625 0.121875 0.15546875
1 0.9171875 0.54921875 0.11796875 0.14140625