1 0.528125 0.434375 0.15 0.1734375
1 0.2796875 0.115625 0.1296875 0.14375
1 0.6671875 0.290625 0.1421875 0.1609375
0 0.06171875 0.375 0.1234375 0.20625
2 0.89140625 0.20859375 0.11875 0.1328125
0 0.56953125 0.79296875 0.1609375 0.1609375
3 0.91328125 0.7703125 0.13125 0.1484375
0 0.79296875 0.053125 0.1609375 0.10625
0 0.7375 0.83515625 0.175 0.175
1 0.18671875 0.52421875 0.13125 0.14375
2 0.209375 0.89765625 0.1546875 0.1609375
4 0.5984375 0.065625 0.146875 0.13125
2 0.396875 0.634375 0.1265625 0.146875
2 0.53203125 0.62421875 0.1390625 0.1578125
3 0.19453125 0.32578125 0.134375 0.1515625
4 0.4359375 0.1625 0.134375 0.159375
2 0.365625 0.87734375 0.1140625 0.1375
4 0.1265625 0.73828125 0.14375 0.15
0 0.69453125 0.6140625 0.18125 0.1921875