1 0.8765625 0.3296875 0.11640625 0.13984375
1 0.48671875 0.93203125 0.13125 0.128125
4 0.08125 0.88125 0.109375 0.14375
2 0.1265625 0.1921875 0.09765625 0.11640625
0 0.30546875 0.70859375 0.11484375 0.15625
0 0.12890625 0.37109375 0.146875 0.17578125
0 0.92890625 0.15234375 0.13359375 0.15546875
0 0.66953125 0.56875 0.12109375 0.1265625
4 0.13515625 0.6625 0.10234375 0.1234375
0 0.67734375 0.40234375 0.1109375 0.1515625
0 0.3375 0.50390625 0.1078125 0.1640625
2 0.26640625 0.21171875 0.0921875 0.1140625
0 0.2484375 0.89453125 0.13515625 0.1671875
3 0.6953125 0.2140625 0.10546875 0.13671875
0 0.44921875 0.159375 0.14765625 0.19921875
4 0.871875 0.6203125 0.1078125 0.1375
4 0.48203125 0.50546875 0.1234375 0.16015625
4 0.48125 0.7453125 0.1234375 0.1515625
4 0.90859375 0.80703125 0.1234375 0.16484375
4 0.70390625 0.8015625 0.12578125 0.15546875