2 0.9203125 0.4625 0.10625 0.115625
3 0.9453125 0.88515625 0.0890625 0.125
1 0.7328125 0.12890625 0.1125 0.1359375
0 0.9390625 0.6765625 0.1171875 0.1375
3 0.9390625 0.29453125 0.121875 0.1546875
4 0.75625 0.53203125 0.1171875 0.1265625
2 0.2546875 0.84609375 0.1234375 0.1390625
2 0.0921875 0.1328125 0.1125 0.1109375
0 0.5578125 0.165625 0.14375 0.1890625
0 0.32109375 0.3546875 0.1203125 0.196875
1 0.54765625 0.8875 0.1125 0.1109375
4 0.56875 0.4578125 0.125 0.1390625
4 0.12734375 0.4609375 0.13125 0.1421875
0 0.27265625 0.1140625 0.1234375 0.1921875
2 0.39375 0.86015625 0.1015625 0.1375
4 0.72734375 0.31875 0.128125 0.1359375
4 0.57578125 0.72109375 0.115625 0.1359375
3 0.78203125 0.81953125 0.1234375 0.153125
1 0.203125 0.63828125 0.109375 0.1328125
3 0.3703125 0.6203125 0.1234375 0.140625