1 0.275 0.07265625 0.14375 0.1453125
1 0.85 0.83203125 0.14375 0.159375
1 0.95 0.4 0.1 0.165625
0 0.68984375 0.896875 0.1859375 0.2015625
2 0.3125 0.70625 0.13125 0.1328125
2 0.57734375 0.14296875 0.134375 0.1453125
2 0.18359375 0.23203125 0.1296875 0.140625
0 0.171875 0.8515625 0.1703125 0.178125
0 0.059375 0.7421875 0.11875 0.15625
4 0.10234375 0.4875 0.134375 0.153125
0 0.34765625 0.89921875 0.1703125 0.1765625
3 0.52421875 0.8953125 0.1515625 0.175
3 0.82265625 0.28828125 0.146875 0.171875
3 0.59453125 0.390625 0.13125 0.1421875
2 0.71796875 0.71171875 0.1515625 0.16875
4 0.91953125 0.65859375 0.1421875 0.175
3 0.3890625 0.15625 0.1421875 0.1546875
3 0.34609375 0.3796875 0.134375 0.1609375
4 0.57265625 0.69140625 0.153125 0.175
4 0.7265625 0.47109375 0.153125 0.184375