1 0.77421875 0.4703125 0.1171875 0.1359375
1 0.62421875 0.4453125 0.1265625 0.153125
2 0.26875 0.421875 0.1203125 0.13125
2 0.228125 0.61796875 0.1296875 0.1375
3 0.5140625 0.18671875 0.1453125 0.1609375
0 0.17578125 0.8390625 0.165625 0.190625
0 0.9421875 0.50859375 0.115625 0.1546875
0 0.5421875 0.63046875 0.153125 0.1625
1 0.753125 0.89453125 0.1421875 0.15
0 0.10859375 0.39921875 0.1640625 0.178125
2 0.909375 0.2859375 0.1171875 0.134375
0 0.06484375 0.73984375 0.1296875 0.2109375
0 0.740625 0.70546875 0.1375 0.1515625
1 0.90390625 0.684375 0.1421875 0.165625
4 0.35390625 0.775 0.153125 0.1859375
4 0.43046875 0.4578125 0.125 0.14375
2 0.32890625 0.19296875 0.13125 0.1421875
4 0.503125 0.84609375 0.1390625 0.1609375
4 0.7421875 0.240625 0.1390625 0.15
3 0.20390625 0.06953125 0.1390625 0.1390625