0 0.40859375 0.36484375 0.153125 0.17578125
3 0.2921875 0.81484375 0.1078125 0.13203125
1 0.1640625 0.54609375 0.10625 0.1421875
0 0.0953125 0.88984375 0.15546875 0.18203125
2 0.93046875 0.65703125 0.1203125 0.12890625
0 0.44140625 0.09296875 0.11171875 0.17265625
2 0.76875 0.20703125 0.11015625 0.1171875
0 0.94140625 0.9203125 0.11640625 0.1296875
3 0.42421875 0.91171875 0.109375 0.13046875
0 0.78359375 0.8171875 0.1484375 0.1953125
2 0.2703125 0.26328125 0.103125 0.12421875
1 0.73203125 0.56875 0.1109375 0.14296875
3 0.609375 0.853125 0.11171875 0.15546875
0 0.58671875 0.478125 0.11484375 0.15546875
4 0.90625 0.42109375 0.1203125 0.13203125
3 0.11171875 0.31484375 0.1171875 0.134375
0 0.9328125 0.2140625 0.10625 0.16015625
3 0.3671875 0.60703125 0.1140625 0.12265625
4 0.6046875 0.1828125 0.10078125 0.1171875
4 0.56015625 0.6734375 0.12265625 0.13125