0 0.746875 0.890625 0.15546875 0.16640625
0 0.23125 0.13125 0.13515625 0.17578125
2 0.534375 0.91328125 0.10703125 0.12734375
0 0.8890625 0.7671875 0.13203125 0.15390625
2 0.1578125 0.9125 0.11171875 0.13203125
0 0.93671875 0.33125 0.1265625 0.18203125
3 0.91171875 0.13671875 0.1171875 0.1390625
0 0.57109375 0.1203125 0.10390625 0.14140625
0 0.74296875 0.25078125 0.12734375 0.16953125
0 0.7328125 0.4984375 0.134375 0.1578125
3 0.35546875 0.8765625 0.1109375 0.12109375
0 0.54296875 0.5 0.128125 0.1609375
4 0.38984375 0.41640625 0.10859375 0.1296875
0 0.20234375 0.58125 0.1203125 0.1984375
0 0.4 0.22578125 0.12109375 0.18203125
4 0.54140625 0.71640625 0.10703125 0.115625
2 0.90546875 0.5859375 0.1078125 0.14453125
2 0.36640625 0.6671875 0.1046875 0.1484375
4 0.07734375 0.3640625 0.12109375 0.1515625
4 0.59609375 0.3140625 0.11171875 0.13046875