1 0.4625 0.38984375 0.1234375 0.1515625
0 0.79296875 0.81796875 0.1625 0.1984375
3 0.41015625 0.79921875 0.128125 0.15625
1 0.546875 0.0953125 0.1203125 0.1421875
2 0.2875 0.57578125 0.1078125 0.1203125
1 0.30078125 0.271875 0.121875 0.1515625
3 0.4546875 0.59375 0.1234375 0.159375
3 0.0796875 0.70546875 0.13125 0.1625
1 0.85078125 0.309375 0.1359375 0.1703125
0 0.6703125 0.4921875 0.125 0.15625
3 0.671875 0.25625 0.1171875 0.13125
2 0.834375 0.5390625 0.1375 0.1578125
4 0.38359375 0.075 0.134375 0.15
3 0.96484375 0.1359375 0.0703125 0.15
3 0.2078125 0.06015625 0.1375 0.1203125
2 0.14921875 0.28984375 0.115625 0.14375
1 0.1625 0.5 0.1265625 0.153125
3 0.6078125 0.6828125 0.140625 0.1515625
2 0.25546875 0.80546875 0.1375 0.18125
4 0.64296875 0.86640625 0.1171875 0.134375