1 0.5671875 0.2453125 0.115625 0.1390625
0 0.17890625 0.79375 0.15625 0.19375
0 0.78359375 0.16484375 0.1453125 0.178125
3 0.090625 0.3328125 0.10625 0.14375
3 0.40703125 0.3640625 0.1109375 0.1359375
0 0.290625 0.5875 0.1359375 0.1625
1 0.82265625 0.82734375 0.1109375 0.14375
3 0.66953125 0.8515625 0.1234375 0.1203125
2 0.55078125 0.53046875 0.1109375 0.1421875
2 0.734375 0.6203125 0.103125 0.1359375
3 0.36796875 0.86796875 0.1140625 0.13125
4 0.49609375 0.7078125 0.10625 0.1328125
4 0.89375 0.6296875 0.103125 0.125
2 0.9265625 0.3640625 0.096875 0.10625
0 0.74453125 0.33984375 0.15 0.175
2 0.08984375 0.1109375 0.1046875 0.1375
4 0.14140625 0.59453125 0.1203125 0.1546875
2 0.25625 0.1484375 0.10625 0.1421875
2 0.39921875 0.16328125 0.0984375 0.1140625
4 0.26171875 0.32421875 0.115625 0.140625