1 0.27421875 0.90390625 0.134375 0.153125
0 0.51171875 0.340625 0.1359375 0.171875
1 0.68359375 0.94140625 0.1359375 0.1171875
0 0.921875 0.171875 0.1484375 0.1609375
4 0.578125 0.1546875 0.125 0.1375
3 0.85078125 0.9390625 0.1171875 0.121875
1 0.88828125 0.5375 0.128125 0.1359375
0 0.903125 0.365625 0.1625 0.2015625
3 0.73046875 0.434375 0.128125 0.1625
0 0.2078125 0.0984375 0.1359375 0.16875
0 0.68046875 0.72109375 0.171875 0.1609375
3 0.3625 0.34453125 0.1296875 0.1640625
0 0.5640625 0.55625 0.140625 0.1796875
4 0.17890625 0.44921875 0.13125 0.1484375
4 0.7515625 0.2140625 0.1390625 0.1546875
4 0.403125 0.58125 0.1359375 0.1640625
3 0.09375 0.84140625 0.1296875 0.1515625
0 0.3453125 0.10234375 0.1484375 0.1609375
3 0.4734375 0.88046875 0.125 0.15625
3 0.8234375 0.7484375 0.121875 0.140625