1 0.60859375 0.32578125 0.11171875 0.12578125
1 0.225 0.54765625 0.115625 0.14375
1 0.75625 0.86484375 0.11953125 0.1296875
1 0.575 0.77265625 0.103125 0.11875
1 0.2765625 0.23046875 0.10859375 0.14609375
3 0.75703125 0.50078125 0.0984375 0.13359375
3 0.125 0.13671875 0.11484375 0.146875
3 0.76328125 0.6796875 0.1078125 0.1390625
4 0.440625 0.73828125 0.1046875 0.11484375
4 0.14609375 0.30390625 0.103125 0.12890625
0 0.92265625 0.57265625 0.14453125 0.15546875
0 0.43828125 0.92421875 0.1265625 0.1515625
4 0.4390625 0.54375 0.1234375 0.1421875
2 0.8703125 0.10625 0.103125 0.13046875
4 0.88359375 0.33984375 0.11640625 0.13359375
2 0.928125 0.890625 0.10390625 0.13125
2 0.27421875 0.76953125 0.1046875 0.14609375
4 0.0828125 0.84921875 0.11484375 0.1515625
2 0.596875 0.14453125 0.10859375 0.14453125
2 0.6046875 0.5578125 0.09921875 0.13671875