0 0.11796875 0.85078125 0.159375 0.1890625
0 0.62421875 0.45625 0.15 0.1890625
3 0.46328125 0.91484375 0.13125 0.159375
4 0.5140625 0.71796875 0.1375 0.1515625
3 0.65 0.2984375 0.125 0.159375
0 0.2453125 0.8078125 0.128125 0.165625
0 0.44921875 0.5109375 0.171875 0.1859375
4 0.80625 0.828125 0.1328125 0.14375
0 0.3734375 0.21484375 0.1734375 0.1953125
4 0.934375 0.8546875 0.13125 0.15625
4 0.0671875 0.421875 0.134375 0.15625
2 0.1890625 0.57578125 0.1265625 0.1578125
4 0.040625 0.2078125 0.08125 0.159375
0 0.83984375 0.34375 0.1625 0.19375
3 0.915625 0.53515625 0.121875 0.140625
4 0.59296875 0.09296875 0.1328125 0.1578125
1 0.23125 0.24765625 0.128125 0.153125
1 0.83828125 0.115625 0.1390625 0.16875
1 0.77265625 0.596875 0.1375 0.1765625
2 0.603125 0.91796875 0.1125 0.140625