0 0.171875 0.40859375 0.14375 0.17421875
0 0.18046875 0.5984375 0.10859375 0.16796875
0 0.909375 0.71171875 0.15703125 0.16015625
0 0.1046875 0.190625 0.1 0.1859375
0 0.62265625 0.3171875 0.109375 0.153125
0 0.3390625 0.6109375 0.13515625 0.1359375
0 0.32421875 0.4375 0.13671875 0.16875
4 0.50546875 0.1296875 0.11484375 0.134375
0 0.24609375 0.1375 0.13203125 0.153125
4 0.88359375 0.46484375 0.128125 0.15
3 0.48359375 0.33359375 0.11640625 0.14453125
4 0.66484375 0.13828125 0.1140625 0.1265625
2 0.4265625 0.83046875 0.10859375 0.11328125
4 0.82109375 0.2359375 0.1234375 0.1375
3 0.80234375 0.915625 0.12265625 0.14921875
3 0.5140625 0.63515625 0.11015625 0.1421875
4 0.28203125 0.9234375 0.12109375 0.14453125
2 0.72578125 0.65390625 0.1 0.12734375
2 0.11953125 0.8765625 0.1296875 0.14140625
2 0.58125 0.9 0.1046875 0.14140625