0 0.5453125 0.70234375 0.1515625 0.1921875
0 0.85546875 0.08125 0.1515625 0.1625
0 0.071875 0.41484375 0.14375 0.1859375
0 0.30625 0.66015625 0.121875 0.1890625
0 0.8859375 0.4859375 0.153125 0.1828125
0 0.43515625 0.1421875 0.1546875 0.1796875
0 0.5453125 0.4828125 0.1359375 0.18125
1 0.15546875 0.18203125 0.13125 0.1484375
2 0.2484375 0.90625 0.1109375 0.1375
3 0.6515625 0.18359375 0.1390625 0.1765625
4 0.85546875 0.29453125 0.1265625 0.1546875
3 0.915625 0.7625 0.1125 0.14375
4 0.40390625 0.9 0.1109375 0.13125
1 0.09453125 0.62109375 0.13125 0.1484375
2 0.72578125 0.878125 0.1171875 0.1390625
2 0.24140625 0.315625 0.1265625 0.1390625
2 0.390625 0.35703125 0.109375 0.1484375
2 0.08046875 0.8328125 0.1203125 0.1515625
4 0.578125 0.8796875 0.11875 0.1296875
4 0.7140625 0.565625 0.1125 0.1546875