0 0.41640625 0.60390625 0.1484375 0.1875
0 0.65859375 0.85234375 0.1296875 0.1546875
0 0.07265625 0.6734375 0.1453125 0.20625
0 0.70078125 0.259375 0.140625 0.15
0 0.5203125 0.83359375 0.1359375 0.1859375
1 0.23671875 0.34296875 0.13125 0.1578125
2 0.04296875 0.85703125 0.0859375 0.1234375
3 0.08671875 0.3359375 0.1234375 0.165625
3 0.6375 0.67109375 0.128125 0.1421875
3 0.43828125 0.17109375 0.1234375 0.1546875
4 0.91484375 0.17890625 0.128125 0.15
2 0.24765625 0.6390625 0.1265625 0.153125
4 0.31171875 0.91953125 0.1046875 0.1328125
2 0.14296875 0.1234375 0.1125 0.1421875
2 0.575 0.19453125 0.109375 0.1234375
2 0.6375 0.48125 0.1328125 0.1421875
4 0.78671875 0.671875 0.1359375 0.1484375
2 0.42109375 0.4421875 0.109375 0.1359375
4 0.83359375 0.9203125 0.1296875 0.159375
4 0.84765625 0.44921875 0.14375 0.1515625