0 0.7390625 0.6640625 0.11171875 0.1703125
0 0.92734375 0.3078125 0.1328125 0.14609375
0 0.221875 0.74296875 0.11484375 0.1671875
0 0.74453125 0.46484375 0.12734375 0.1578125
0 0.5171875 0.45625 0.11875 0.17578125
0 0.88984375 0.10078125 0.1265625 0.17265625
0 0.56796875 0.1375 0.13515625 0.17265625
4 0.9359375 0.9109375 0.12734375 0.1546875
3 0.3765625 0.66484375 0.11953125 0.1640625
2 0.4140625 0.8671875 0.10546875 0.1140625
3 0.74296875 0.2015625 0.1171875 0.12734375
4 0.2078125 0.27109375 0.09921875 0.12734375
4 0.33515625 0.2390625 0.11796875 0.1375
2 0.2421875 0.92890625 0.096875 0.12265625
3 0.2234375 0.54453125 0.11015625 0.128125
1 0.56796875 0.67890625 0.11015625 0.1515625
4 0.93046875 0.47265625 0.11171875 0.14375
2 0.5734375 0.8734375 0.1015625 0.13828125
2 0.76328125 0.884375 0.12109375 0.13359375
1 0.8890625 0.6828125 0.11640625 0.153125