2 0.67421875 0.171875 0.09765625 0.11015625
1 0.159375 0.890625 0.1125 0.146875
3 0.4875 0.45234375 0.1078125 0.1359375
3 0.628125 0.3609375 0.121875 0.13125
4 0.89453125 0.8671875 0.109375 0.12734375
0 0.465625 0.6 0.1296875 0.15234375
0 0.1578125 0.696875 0.13203125 0.178125
1 0.3171875 0.44140625 0.1171875 0.13671875
0 0.33515625 0.80078125 0.13984375 0.1765625
2 0.65 0.675 0.09296875 0.12421875
2 0.34296875 0.2234375 0.11015625 0.1171875
3 0.31484375 0.6015625 0.11171875 0.1515625
2 0.51328125 0.18125 0.11171875 0.13046875
4 0.66796875 0.84921875 0.12421875 0.134375
3 0.128125 0.1015625 0.11015625 0.1484375
3 0.8078125 0.1890625 0.096875 0.13359375
2 0.90078125 0.5890625 0.10390625 0.14921875
4 0.1078125 0.4140625 0.125 0.17890625
3 0.51484375 0.8859375 0.10078125 0.1171875
4 0.8484375 0.38984375 0.12578125 0.1359375