1 0.7703125 0.3390625 0.1375 0.1578125
1 0.96015625 0.215625 0.0796875 0.153125
2 0.76015625 0.5765625 0.1171875 0.121875
3 0.15 0.21875 0.1328125 0.1640625
0 0.26171875 0.05234375 0.1328125 0.1046875
2 0.828125 0.11953125 0.1296875 0.14375
2 0.64765625 0.08125 0.115625 0.11875
0 0.66953125 0.890625 0.15625 0.1875
0 0.84140625 0.8984375 0.1484375 0.1796875
3 0.1890625 0.45390625 0.1265625 0.1421875
4 0.92578125 0.44296875 0.1484375 0.1578125
3 0.4546875 0.89375 0.128125 0.1578125
2 0.575 0.63125 0.1484375 0.1765625
3 0.36484375 0.6046875 0.128125 0.140625
1 0.428125 0.103125 0.140625 0.16875
2 0.31875 0.26328125 0.1328125 0.15
2 0.91875 0.6390625 0.128125 0.1578125
4 0.1625 0.69921875 0.1484375 0.1640625
4 0.315625 0.8390625 0.15 0.1875
3 0.61015625 0.29609375 0.1390625 0.146875