1 0.27890625 0.1859375 0.1109375 0.15234375
1 0.93828125 0.15390625 0.12265625 0.146875
0 0.6859375 0.91640625 0.1046875 0.15625
0 0.5234375 0.67578125 0.153125 0.17109375
0 0.4421875 0.28046875 0.1421875 0.171875
0 0.896875 0.65859375 0.10859375 0.1484375
0 0.88984375 0.359375 0.1125 0.17421875
3 0.278125 0.921875 0.1234375 0.1265625
0 0.465625 0.90546875 0.14140625 0.18359375
3 0.23125 0.72109375 0.11015625 0.153125
4 0.6921875 0.2359375 0.11171875 0.1359375
0 0.25234375 0.36328125 0.15 0.15390625
3 0.45234375 0.49765625 0.12578125 0.13515625
2 0.64140625 0.4984375 0.0984375 0.12734375
3 0.1078125 0.90625 0.11015625 0.13046875
4 0.08828125 0.35859375 0.1234375 0.14765625
3 0.075 0.72734375 0.11796875 0.134375
4 0.925 0.91640625 0.11328125 0.13984375
4 0.74140625 0.69765625 0.1046875 0.12578125
1 0.11953125 0.13203125 0.10859375 0.14765625