1 0.278125 0.87890625 0.1171875 0.1515625
1 0.5921875 0.3765625 0.1125 0.11875
1 0.91328125 0.78515625 0.128125 0.153125
2 0.5828125 0.88046875 0.1046875 0.1203125
0 0.390625 0.1328125 0.15 0.184375
3 0.57890625 0.62578125 0.10625 0.1421875
0 0.09140625 0.31484375 0.13125 0.1796875
0 0.7625 0.8234375 0.134375 0.153125
2 0.121875 0.4953125 0.1109375 0.1296875
0 0.94140625 0.5171875 0.115625 0.15625
1 0.81015625 0.090625 0.1140625 0.15
0 0.87578125 0.34296875 0.1453125 0.18125
4 0.4421875 0.325 0.1234375 0.134375
2 0.7453125 0.6109375 0.11875 0.1515625
2 0.40859375 0.6703125 0.128125 0.15625
4 0.2875 0.465625 0.1234375 0.1375
2 0.64140625 0.1359375 0.1171875 0.1375
4 0.1328125 0.81015625 0.1015625 0.1328125
4 0.1546875 0.11875 0.1171875 0.140625
1 0.44765625 0.890625 0.115625 0.1546875