0 0.2515625 0.4046875 0.1828125 0.2078125
0 0.47734375 0.6625 0.165625 0.1953125
0 0.9390625 0.34140625 0.121875 0.1546875
0 0.5921875 0.10234375 0.1609375 0.1890625
0 0.67890625 0.4796875 0.1265625 0.1625
4 0.0890625 0.6640625 0.134375 0.153125
4 0.1296875 0.215625 0.121875 0.1390625
4 0.7125 0.8828125 0.1421875 0.171875
4 0.24765625 0.62265625 0.15625 0.190625
3 0.296875 0.07109375 0.146875 0.1421875
2 0.6828125 0.671875 0.115625 0.13125
1 0.05234375 0.8375 0.1046875 0.153125
3 0.8578125 0.55234375 0.1421875 0.1515625
1 0.52578125 0.86015625 0.1390625 0.165625
2 0.8828125 0.81171875 0.140625 0.175
4 0.2125 0.88828125 0.1296875 0.1484375
4 0.77578125 0.2359375 0.1359375 0.153125
2 0.43515625 0.0765625 0.1203125 0.140625
2 0.4796875 0.3828125 0.1296875 0.146875
4 0.37265625 0.91953125 0.146875 0.15