0 0.42734375 0.28125 0.15625 0.1734375
0 0.6328125 0.5859375 0.1390625 0.159375
0 0.23984375 0.66015625 0.1421875 0.153125
0 0.82109375 0.79375 0.140625 0.1421875
4 0.4578125 0.46328125 0.134375 0.1484375
3 0.64765625 0.79140625 0.1359375 0.1609375
4 0.92890625 0.2078125 0.1328125 0.159375
4 0.85390625 0.39765625 0.128125 0.15
1 0.78125 0.15859375 0.1390625 0.1578125
4 0.1125 0.17265625 0.1421875 0.153125
2 0.2890625 0.1078125 0.1015625 0.1328125
1 0.09921875 0.83984375 0.128125 0.153125
3 0.10703125 0.375 0.134375 0.1453125
4 0.65390625 0.34375 0.1328125 0.1546875
4 0.05546875 0.61328125 0.1109375 0.1421875
3 0.63125 0.13515625 0.11875 0.1453125
2 0.25703125 0.86875 0.1078125 0.134375
4 0.26328125 0.32421875 0.115625 0.140625
4 0.4546875 0.6609375 0.11875 0.128125
4 0.465625 0.85234375 0.128125 0.153125