1 0.21171875 0.1390625 0.153125 0.1796875
0 0.07265625 0.28984375 0.1453125 0.1828125
0 0.43203125 0.11953125 0.1875 0.2046875
2 0.5453125 0.884375 0.13125 0.1359375
2 0.309375 0.45546875 0.134375 0.1515625
0 0.84453125 0.22734375 0.184375 0.225
0 0.8 0.040625 0.146875 0.08125
2 0.9203125 0.42734375 0.1390625 0.1609375
3 0.62734375 0.07421875 0.1328125 0.1484375
3 0.59375 0.33359375 0.125 0.1359375
0 0.2078125 0.6875 0.14375 0.159375
0 0.375 0.68203125 0.15 0.165625
4 0.45078125 0.40546875 0.140625 0.165625
3 0.915625 0.68125 0.14375 0.16875
2 0.39609375 0.8859375 0.125 0.146875
0 0.50859375 0.590625 0.1625 0.165625
4 0.72890625 0.80234375 0.1453125 0.159375
4 0.1328125 0.51875 0.1625 0.171875
1 0.2265625 0.90546875 0.1546875 0.1828125
1 0.728125 0.51796875 0.13125 0.1578125