1 0.21484375 0.05859375 0.1234375 0.1171875
0 0.91640625 0.41015625 0.1671875 0.1921875
0 0.56796875 0.89453125 0.1375 0.14375
0 0.509375 0.61640625 0.1375 0.175
0 0.8078125 0.8640625 0.1421875 0.1671875
0 0.94453125 0.21171875 0.1109375 0.1515625
2 0.08359375 0.50546875 0.1484375 0.15625
3 0.83671875 0.13125 0.134375 0.1671875
3 0.490625 0.25546875 0.125 0.134375
2 0.578125 0.425 0.1234375 0.146875
0 0.65625 0.6640625 0.13125 0.1828125
2 0.6921875 0.1078125 0.140625 0.15625
4 0.265625 0.66640625 0.121875 0.146875
2 0.17421875 0.25078125 0.11875 0.14375
4 0.37109375 0.17109375 0.1328125 0.1578125
4 0.7859375 0.35546875 0.1453125 0.16875
2 0.1 0.7078125 0.1390625 0.1625
3 0.9015625 0.59765625 0.1328125 0.1515625
2 0.33359375 0.44921875 0.1078125 0.1359375
4 0.4109375 0.834375 0.140625 0.1453125