1 0.79453125 0.2515625 0.1328125 0.1625
2 0.62109375 0.4203125 0.1125 0.13125
1 0.46796875 0.24609375 0.125 0.1640625
2 0.0984375 0.12578125 0.103125 0.115625
1 0.64609375 0.14609375 0.1296875 0.15625
0 0.27265625 0.48671875 0.159375 0.1765625
3 0.0515625 0.79921875 0.103125 0.1640625
0 0.38671875 0.815625 0.1578125 0.178125
0 0.47109375 0.41484375 0.1546875 0.1765625
4 0.6765625 0.64296875 0.109375 0.1359375
4 0.759375 0.44296875 0.121875 0.1359375
3 0.75859375 0.8265625 0.1078125 0.1234375
4 0.9140625 0.55390625 0.115625 0.1390625
0 0.5265625 0.84609375 0.1296875 0.1703125
2 0.51796875 0.6171875 0.1203125 0.1484375
2 0.31171875 0.0984375 0.115625 0.14375
3 0.06015625 0.53125 0.1140625 0.140625
3 0.1328125 0.35546875 0.1171875 0.14375
4 0.19609375 0.81171875 0.1296875 0.1640625
3 0.2796875 0.3390625 0.103125 0.13125