3 0.44296875 0.29609375 0.109375 0.1515625
1 0.29296875 0.3484375 0.1078125 0.134375
0 0.60078125 0.296875 0.1515625 0.18125
3 0.84765625 0.6703125 0.1109375 0.14375
1 0.09609375 0.215625 0.11875 0.13125
0 0.28203125 0.090625 0.115625 0.175
2 0.146875 0.55 0.1171875 0.1296875
0 0.06484375 0.81796875 0.1296875 0.1515625
3 0.21484375 0.8640625 0.10625 0.1375
0 0.509375 0.528125 0.1203125 0.15625
3 0.5265625 0.8359375 0.1046875 0.1328125
3 0.39375 0.7625 0.1078125 0.14375
4 0.828125 0.84921875 0.1140625 0.14375
3 0.7015625 0.9 0.1 0.1296875
4 0.59921875 0.07421875 0.1109375 0.14375
0 0.4546875 0.0921875 0.1390625 0.159375
2 0.296875 0.52578125 0.1171875 0.134375
4 0.6875 0.6609375 0.1265625 0.153125
4 0.85625 0.43203125 0.13125 0.15625
4 0.79765625 0.23203125 0.121875 0.1546875