0 0.5953125 0.896875 0.15 0.19375
0 0.18203125 0.875 0.1359375 0.1515625
4 0.59921875 0.13046875 0.13125 0.1515625
0 0.56796875 0.41796875 0.1390625 0.184375
0 0.29140625 0.7375 0.1609375 0.19375
4 0.44609375 0.81328125 0.11875 0.1421875
3 0.17265625 0.346875 0.1234375 0.146875
1 0.575 0.60078125 0.125 0.1484375
3 0.43515625 0.33359375 0.13125 0.1609375
1 0.76171875 0.3953125 0.115625 0.1390625
0 0.13671875 0.15234375 0.1375 0.1890625
0 0.77734375 0.14140625 0.121875 0.184375
1 0.334375 0.1453125 0.140625 0.16875
1 0.0484375 0.8515625 0.096875 0.153125
2 0.05546875 0.646875 0.1109375 0.134375
3 0.93125 0.38828125 0.134375 0.14375
2 0.94140625 0.159375 0.1171875 0.159375
3 0.3515625 0.54453125 0.1296875 0.1484375
4 0.77265625 0.92109375 0.1484375 0.1578125
2 0.78671875 0.61953125 0.1125 0.13125