1 0.934375 0.21171875 0.1046875 0.1203125
1 0.12421875 0.15546875 0.115625 0.15234375
0 0.23125 0.64609375 0.1328125 0.15
2 0.4671875 0.4859375 0.11015625 0.12109375
2 0.42734375 0.725 0.1125 0.13125
0 0.68359375 0.89375 0.13671875 0.128125
0 0.11328125 0.90703125 0.125 0.1765625
0 0.5203125 0.2140625 0.13125 0.17421875
0 0.7375 0.17421875 0.115625 0.16875
0 0.08515625 0.70390625 0.11953125 0.178125
4 0.6265625 0.47890625 0.11875 0.140625
0 0.90234375 0.9046875 0.14609375 0.1546875
3 0.4640625 0.909375 0.10859375 0.1234375
2 0.7796875 0.66015625 0.0953125 0.11953125
4 0.27109375 0.11328125 0.10703125 0.13671875
3 0.55703125 0.6703125 0.1171875 0.140625
3 0.22734375 0.32421875 0.12578125 0.13671875
4 0.753125 0.40703125 0.1328125 0.16015625
3 0.26640625 0.84375 0.1 0.10703125
4 0.9125 0.4578125 0.11484375 0.134375