1 0.66484375 0.303125 0.1375 0.165625
1 0.2546875 0.67734375 0.146875 0.1734375
0 0.18125 0.8390625 0.1734375 0.19375
2 0.775 0.91796875 0.1265625 0.1484375
2 0.33046875 0.140625 0.1328125 0.1390625
4 0.1609375 0.05546875 0.14375 0.1109375
3 0.1140625 0.2640625 0.1171875 0.1390625
0 0.8875 0.60546875 0.15625 0.1578125
2 0.52734375 0.17109375 0.140625 0.1484375
1 0.71484375 0.53046875 0.128125 0.1515625
2 0.3578125 0.89921875 0.1296875 0.1421875
0 0.0796875 0.48828125 0.1515625 0.1890625
2 0.61328125 0.93984375 0.1171875 0.1203125
4 0.896875 0.40625 0.1265625 0.1421875
2 0.3515625 0.46640625 0.1359375 0.165625
4 0.03359375 0.75078125 0.0671875 0.1828125
4 0.51640625 0.49609375 0.125 0.140625
2 0.4328125 0.7046875 0.13125 0.1640625
2 0.95078125 0.21484375 0.0984375 0.1921875
3 0.609375 0.7796875 0.13125 0.134375