1 0.12734375 0.1796875 0.1265625 0.153125
1 0.9421875 0.6765625 0.115625 0.146875
1 0.90078125 0.23125 0.1265625 0.153125
0 0.82421875 0.796875 0.165625 0.1859375
2 0.403125 0.76171875 0.11875 0.121875
2 0.4375 0.13984375 0.1203125 0.134375
2 0.10625 0.36953125 0.1171875 0.1296875
0 0.3265625 0.9328125 0.153125 0.134375
0 0.16875 0.89609375 0.134375 0.14375
4 0.1265625 0.6375 0.1203125 0.1421875
0 0.50859375 0.92265625 0.1546875 0.1546875
3 0.6703125 0.8578125 0.134375 0.1625
3 0.7203125 0.1828125 0.1296875 0.159375
3 0.546875 0.3625 0.1171875 0.13125
2 0.78125 0.6140625 0.134375 0.15625
4 0.94296875 0.4890625 0.1140625 0.165625
3 0.26875 0.22265625 0.128125 0.14375
3 0.3125 0.44609375 0.11875 0.1515625
4 0.6390625 0.65078125 0.1359375 0.1640625
4 0.69921875 0.38828125 0.1328125 0.1734375