0 0.10703125 0.5625 0.1625 0.2046875
4 0.40546875 0.91484375 0.11875 0.140625
1 0.24765625 0.153125 0.1328125 0.1609375
1 0.2 0.91953125 0.1234375 0.146875
2 0.2828125 0.34765625 0.103125 0.125
3 0.878125 0.80234375 0.1265625 0.15
3 0.628125 0.203125 0.1375 0.15625
4 0.05859375 0.10859375 0.1171875 0.1296875
3 0.8375 0.35546875 0.109375 0.13125
1 0.71484375 0.6046875 0.1296875 0.15625
2 0.0953125 0.33125 0.1421875 0.1546875
3 0.60703125 0.396875 0.1375 0.1703125
2 0.465625 0.68125 0.1234375 0.1359375
1 0.46640625 0.4796875 0.121875 0.140625
3 0.2953125 0.53515625 0.1390625 0.1703125
3 0.390625 0.09140625 0.1265625 0.1421875
2 0.84375 0.5359375 0.1109375 0.1265625
4 0.55703125 0.87265625 0.14375 0.1625
4 0.7328125 0.81171875 0.140625 0.15625
2 0.80078125 0.1203125 0.1265625 0.14375