0 0.76953125 0.1296875 0.13671875 0.17421875
0 0.69765625 0.6109375 0.13359375 0.17890625
0 0.46796875 0.63046875 0.12109375 0.14140625
0 0.68515625 0.91328125 0.1140625 0.1640625
0 0.3015625 0.6359375 0.11171875 0.16015625
0 0.51875 0.88984375 0.1296875 0.1671875
0 0.86640625 0.92421875 0.12578125 0.14296875
0 0.88203125 0.44609375 0.15703125 0.18125
0 0.0984375 0.44765625 0.1375 0.18359375
4 0.4796875 0.42109375 0.09921875 0.12578125
3 0.1015625 0.13125 0.11484375 0.14453125
1 0.9078125 0.19765625 0.11328125 0.13125
1 0.60703125 0.12890625 0.11875 0.1375
1 0.85859375 0.65078125 0.1078125 0.125
2 0.44921875 0.21796875 0.10625 0.1265625
4 0.64453125 0.35546875 0.1078125 0.134375
2 0.2890625 0.13125 0.1125 0.13984375
3 0.28515625 0.2984375 0.115625 0.13828125
2 0.27109375 0.83203125 0.115625 0.12890625
2 0.12734375 0.77578125 0.11796875 0.153125