0 0.71171875 0.8703125 0.153125 0.1671875
0 0.4734375 0.6046875 0.1734375 0.184375
4 0.79765625 0.39765625 0.125 0.1421875
2 0.66015625 0.16640625 0.1171875 0.1390625
1 0.29921875 0.57578125 0.1390625 0.159375
3 0.2796875 0.14765625 0.1484375 0.159375
1 0.2109375 0.7265625 0.1296875 0.1640625
3 0.45703125 0.8640625 0.1515625 0.16875
1 0.05546875 0.71328125 0.1109375 0.1640625
2 0.94921875 0.4234375 0.1015625 0.15
1 0.46015625 0.2140625 0.1390625 0.153125
1 0.49921875 0.41484375 0.140625 0.15625
3 0.83515625 0.6484375 0.1390625 0.165625
0 0.83359375 0.175 0.16875 0.1765625
2 0.1328125 0.1578125 0.1375 0.15
1 0.64921875 0.621875 0.1234375 0.1421875
3 0.86953125 0.84609375 0.1140625 0.14375
4 0.1421875 0.5515625 0.11875 0.140625
2 0.9671875 0.18515625 0.065625 0.1390625
1 0.23359375 0.37265625 0.1515625 0.1828125