0 0.39453125 0.31015625 0.1375 0.1859375
0 0.91484375 0.5109375 0.1375 0.2
0 0.16875 0.6875 0.1359375 0.171875
1 0.7265625 0.37578125 0.1203125 0.140625
4 0.48046875 0.80625 0.14375 0.1484375
2 0.346875 0.13125 0.10625 0.11875
4 0.51640625 0.51640625 0.14375 0.1625
2 0.11640625 0.47890625 0.0875 0.1109375
3 0.55546875 0.0984375 0.128125 0.140625
2 0.85546875 0.20546875 0.128125 0.1390625
3 0.709375 0.10078125 0.1171875 0.1546875
2 0.12265625 0.2796875 0.1234375 0.1359375
2 0.16953125 0.0953125 0.121875 0.1359375
3 0.6578125 0.80078125 0.1390625 0.1671875
1 0.55546875 0.32578125 0.1390625 0.171875
4 0.9109375 0.77890625 0.134375 0.1453125
2 0.73125 0.55234375 0.1125 0.140625
2 0.35234375 0.8734375 0.1140625 0.1578125
1 0.36015625 0.5078125 0.1296875 0.1546875
3 0.15625 0.875 0.115625 0.1203125