1 0.35703125 0.67578125 0.103125 0.12109375
1 0.09375 0.39453125 0.11796875 0.121875
3 0.821875 0.13984375 0.11640625 0.1328125
3 0.7625 0.871875 0.1109375 0.14453125
0 0.30859375 0.1515625 0.1359375 0.1765625
0 0.57578125 0.60625 0.1203125 0.165625
0 0.734375 0.64765625 0.1390625 0.17109375
1 0.41015625 0.90625 0.11328125 0.1375
0 0.5421875 0.12890625 0.1359375 0.1953125
3 0.74375 0.36015625 0.10546875 0.12578125
0 0.1484375 0.19296875 0.12109375 0.13828125
0 0.5640625 0.35078125 0.14375 0.1828125
2 0.33671875 0.4265625 0.134375 0.13984375
0 0.553125 0.8265625 0.12265625 0.15
4 0.0953125 0.85859375 0.11875 0.1375
2 0.25078125 0.85546875 0.1015625 0.12890625
4 0.9390625 0.59375 0.11328125 0.1421875
4 0.93671875 0.8953125 0.11640625 0.146875
3 0.18203125 0.68046875 0.1140625 0.13359375
3 0.93046875 0.3328125 0.1109375 0.1328125