0 0.77265625 0.171875 0.1296875 0.14765625
0 0.4921875 0.3921875 0.146875 0.16171875
4 0.77578125 0.65234375 0.1046875 0.1265625
2 0.6 0.85625 0.096875 0.1234375
1 0.315625 0.390625 0.115625 0.1421875
3 0.221875 0.80859375 0.1265625 0.13984375
1 0.2546875 0.2265625 0.10625 0.1484375
3 0.52109375 0.134375 0.128125 0.14921875
1 0.0796875 0.20859375 0.128125 0.14375
2 0.94375 0.65546875 0.10859375 0.13359375
1 0.4109375 0.775 0.11796875 0.134375
1 0.484375 0.58359375 0.11796875 0.13828125
3 0.85625 0.41171875 0.115625 0.1484375
0 0.771875 0.878125 0.14375 0.15390625
2 0.07890625 0.7734375 0.115625 0.13203125
1 0.66796875 0.40625 0.10234375 0.1265625
3 0.92421875 0.2234375 0.09296875 0.12890625
4 0.15625 0.38671875 0.0984375 0.125
2 0.93203125 0.89609375 0.0984375 0.1234375
1 0.215625 0.57890625 0.12578125 0.16328125