1 0.1984375 0.075 0.146875 0.15
1 0.77109375 0.53046875 0.1390625 0.1640625
2 0.1515625 0.3140625 0.1375 0.146875
2 0.37109375 0.85625 0.1328125 0.1328125
0 0.41484375 0.671875 0.16875 0.1734375
3 0.12734375 0.54921875 0.1421875 0.16875
2 0.946875 0.465625 0.10625 0.128125
0 0.1671875 0.81484375 0.1625 0.1828125
1 0.5828125 0.77578125 0.128125 0.1390625
3 0.04453125 0.74609375 0.0890625 0.1546875
0 0.62265625 0.4796875 0.1609375 0.1734375
0 0.5296875 0.1109375 0.140625 0.1859375
3 0.45546875 0.46328125 0.128125 0.15
0 0.71796875 0.2453125 0.1671875 0.2015625
0 0.371875 0.0703125 0.134375 0.140625
3 0.27578125 0.47734375 0.14375 0.1625
3 0.9046875 0.2875 0.13125 0.134375
4 0.30546875 0.24765625 0.1296875 0.1546875
4 0.89375 0.68359375 0.14375 0.165625
2 0.7671875 0.92265625 0.121875 0.1359375