1 0.4328125 0.89296875 0.1328125 0.1515625
2 0.94296875 0.31484375 0.1140625 0.1359375
0 0.0734375 0.7703125 0.146875 0.171875
4 0.81015625 0.7828125 0.1109375 0.1234375
2 0.1078125 0.378125 0.10625 0.1203125
0 0.5609375 0.43125 0.146875 0.153125
3 0.21796875 0.87734375 0.1328125 0.1484375
3 0.68046875 0.22890625 0.1375 0.1546875
2 0.09296875 0.5734375 0.11875 0.1421875
2 0.48046875 0.1171875 0.1421875 0.159375
4 0.25859375 0.69609375 0.1296875 0.1484375
0 0.4359375 0.603125 0.1796875 0.2078125
2 0.26953125 0.4875 0.1203125 0.1484375
4 0.60859375 0.71484375 0.1359375 0.1546875
1 0.7546875 0.5703125 0.1203125 0.1375
4 0.28828125 0.11875 0.14375 0.175
1 0.59609375 0.92265625 0.1421875 0.1546875
4 0.82578125 0.95 0.1390625 0.1
4 0.909375 0.5375 0.1328125 0.1484375
4 0.14296875 0.12265625 0.128125 0.1515625