3 0.52421875 0.28984375 0.13125 0.165625
1 0.68125 0.3171875 0.1265625 0.1484375
0 0.36875 0.315625 0.1765625 0.2
3 0.18359375 0.72265625 0.13125 0.1578125
1 0.85390625 0.15546875 0.1359375 0.146875
0 0.65 0.078125 0.140625 0.15625
2 0.85625 0.49453125 0.1359375 0.1453125
0 0.9515625 0.7453125 0.096875 0.16875
3 0.8390625 0.81484375 0.1265625 0.15
0 0.4953125 0.5296875 0.1421875 0.1703125
3 0.5265625 0.8359375 0.1234375 0.1453125
3 0.64609375 0.74296875 0.128125 0.15625
4 0.23046875 0.89609375 0.1328125 0.1578125
3 0.36328125 0.9265625 0.1171875 0.1421875
4 0.33515625 0.0953125 0.1296875 0.1578125
0 0.48046875 0.08984375 0.1609375 0.178125
2 0.7046875 0.49375 0.1359375 0.15
4 0.33984375 0.68828125 0.146875 0.1703125
4 0.1375 0.48828125 0.153125 0.1734375
4 0.1640625 0.28203125 0.14375 0.1703125