0 0.46171875 0.33515625 0.1421875 0.16953125
0 0.1296875 0.35859375 0.13125 0.1640625
0 0.64375 0.14140625 0.13359375 0.16171875
0 0.92578125 0.62265625 0.10234375 0.15859375
1 0.30625 0.4953125 0.10546875 0.14921875
3 0.87265625 0.89453125 0.12109375 0.15859375
3 0.49140625 0.13046875 0.11484375 0.134375
3 0.415625 0.7078125 0.11484375 0.14296875
3 0.7546875 0.38359375 0.115625 0.15078125
3 0.09921875 0.1703125 0.10390625 0.11796875
3 0.3125 0.2859375 0.11484375 0.1453125
2 0.10625 0.690625 0.1171875 0.1265625
4 0.9140625 0.16171875 0.1234375 0.15703125
3 0.23515625 0.68203125 0.09609375 0.128125
2 0.76328125 0.59921875 0.0984375 0.12421875
2 0.19453125 0.90234375 0.109375 0.1453125
1 0.92734375 0.375 0.1203125 0.12890625
4 0.34296875 0.9078125 0.12890625 0.14140625
4 0.5875 0.89296875 0.1296875 0.15546875
4 0.5765625 0.5578125 0.12265625 0.16328125