1 0.50546875 0.08828125 0.121875 0.134375
3 0.646875 0.4546875 0.1390625 0.1640625
3 0.32265625 0.61953125 0.13125 0.159375
3 0.3140625 0.8296875 0.146875 0.1625
3 0.70625 0.178125 0.1359375 0.15625
1 0.07421875 0.7921875 0.14375 0.1671875
3 0.653125 0.9296875 0.13125 0.140625
2 0.11640625 0.28125 0.1140625 0.1375
2 0.28828125 0.115625 0.13125 0.1609375
0 0.1359375 0.0765625 0.15625 0.153125
3 0.0609375 0.55703125 0.121875 0.1703125
3 0.70546875 0.71640625 0.134375 0.146875
2 0.45625 0.8796875 0.1359375 0.1578125
2 0.52734375 0.6921875 0.1296875 0.140625
2 0.86796875 0.26328125 0.1484375 0.165625
2 0.84296875 0.55390625 0.1359375 0.1515625
3 0.47578125 0.25859375 0.1265625 0.14375
4 0.3203125 0.43359375 0.134375 0.1578125
3 0.840625 0.8390625 0.1421875 0.153125
4 0.5125 0.471875 0.1328125 0.1703125