0 0.4703125 0.7484375 0.146875 0.178125
1 0.42109375 0.94609375 0.1453125 0.1078125
1 0.12109375 0.5828125 0.134375 0.14375
0 0.59453125 0.1546875 0.1859375 0.2046875
4 0.20078125 0.24453125 0.1421875 0.153125
3 0.36328125 0.20625 0.1546875 0.175
1 0.9390625 0.790625 0.121875 0.171875
2 0.49765625 0.5 0.11875 0.140625
2 0.71484375 0.403125 0.1421875 0.1578125
2 0.2265625 0.9578125 0.134375 0.084375
3 0.31796875 0.52421875 0.1421875 0.15
0 0.084375 0.35859375 0.1453125 0.1953125
3 0.92578125 0.35703125 0.13125 0.1484375
1 0.67265625 0.67265625 0.1546875 0.16875
2 0.8140625 0.6140625 0.115625 0.140625
4 0.7796875 0.07890625 0.15625 0.1578125
2 0.7625 0.85 0.125 0.15625
3 0.165625 0.8046875 0.1375 0.1578125
1 0.93359375 0.51484375 0.1328125 0.1453125
4 0.30390625 0.7671875 0.140625 0.1671875