0 0.46875 0.90390625 0.1390625 0.1859375
0 0.10078125 0.2140625 0.13125 0.171875
3 0.58515625 0.125 0.10390625 0.12890625
2 0.23125 0.159375 0.103125 0.13984375
0 0.0734375 0.66171875 0.1078125 0.1703125
0 0.44921875 0.67265625 0.1484375 0.1890625
4 0.82578125 0.45234375 0.11015625 0.1328125
0 0.7453125 0.19453125 0.13046875 0.1359375
0 0.8671875 0.1671875 0.10859375 0.16484375
2 0.46328125 0.3203125 0.09296875 0.134375
3 0.1109375 0.91875 0.1140625 0.14375
4 0.271875 0.71484375 0.11328125 0.14140625
3 0.27890625 0.92890625 0.10625 0.134375
4 0.2515625 0.39609375 0.1265625 0.15625
1 0.415625 0.13359375 0.11484375 0.13984375
4 0.80390625 0.8265625 0.12109375 0.1578125
4 0.596875 0.83515625 0.1 0.1203125
4 0.6828125 0.365625 0.1109375 0.14453125
4 0.63828125 0.55 0.12109375 0.134375
3 0.10703125 0.3921875 0.10625 0.125