0 0.571875 0.3203125 0.128125 0.165625
0 0.78046875 0.140625 0.14375 0.1765625
1 0.72734375 0.88515625 0.115625 0.140625
4 0.184375 0.0828125 0.128125 0.1546875
3 0.11015625 0.64609375 0.125 0.159375
4 0.86328125 0.88125 0.115625 0.14375
3 0.89765625 0.48046875 0.1328125 0.1578125
0 0.2796875 0.31875 0.1359375 0.18125
4 0.2515625 0.809375 0.109375 0.1265625
1 0.4421875 0.1171875 0.115625 0.1328125
4 0.42109375 0.78046875 0.1078125 0.125
3 0.57578125 0.1234375 0.1140625 0.1453125
2 0.58671875 0.5546875 0.115625 0.13125
3 0.290625 0.5265625 0.1265625 0.16875
2 0.85703125 0.67421875 0.125 0.1421875
4 0.92265625 0.1796875 0.1171875 0.1421875
4 0.76484375 0.3453125 0.1328125 0.15625
4 0.10546875 0.83984375 0.1234375 0.1453125
1 0.128125 0.33359375 0.134375 0.15
4 0.57890625 0.79453125 0.1390625 0.1578125