0 0.3421875 0.64375 0.1234375 0.19609375
0 0.253125 0.9015625 0.11328125 0.13125
0 0.91953125 0.5828125 0.13671875 0.15859375
4 0.86015625 0.14609375 0.11171875 0.1359375
1 0.90078125 0.32578125 0.128125 0.14453125
4 0.61953125 0.68203125 0.11328125 0.12578125
0 0.371875 0.1109375 0.13671875 0.16484375
0 0.33671875 0.4265625 0.11640625 0.16484375
1 0.2046875 0.71015625 0.1125 0.15078125
1 0.71640625 0.4734375 0.1109375 0.128125
1 0.15546875 0.50546875 0.11640625 0.15625
3 0.64453125 0.865625 0.11484375 0.12265625
2 0.67890625 0.2140625 0.10703125 0.15703125
3 0.16484375 0.31953125 0.115625 0.14609375
4 0.08828125 0.9203125 0.1109375 0.13828125
3 0.4140625 0.90546875 0.11640625 0.121875
2 0.0890625 0.125 0.11171875 0.14140625
4 0.53203125 0.43515625 0.1 0.134375
2 0.8640625 0.796875 0.12265625 0.17265625
0 0.54375 0.21796875 0.12734375 0.1390625