1 0.31796875 0.34453125 0.125 0.13125
1 0.171875 0.64453125 0.11875 0.1375
1 0.0890625 0.4421875 0.1140625 0.1421875
3 0.2828125 0.1484375 0.1078125 0.1234375
0 0.65390625 0.69765625 0.1328125 0.146875
0 0.64609375 0.2875 0.15 0.1625
2 0.115625 0.89140625 0.1140625 0.128125
0 0.4734375 0.334375 0.1484375 0.1875
0 0.69375 0.87890625 0.134375 0.153125
2 0.91171875 0.1546875 0.1140625 0.1234375
0 0.5046875 0.79921875 0.134375 0.1453125
3 0.134375 0.13984375 0.1078125 0.15
4 0.9046875 0.37109375 0.1390625 0.15
2 0.328125 0.6625 0.1171875 0.140625
3 0.9375 0.8640625 0.1140625 0.1453125
2 0.809375 0.6 0.13125 0.1375
4 0.359375 0.9140625 0.1203125 0.1328125
2 0.7671875 0.11484375 0.11875 0.146875
2 0.490625 0.57734375 0.1078125 0.140625
1 0.44375 0.1296875 0.1265625 0.1390625