0 0.52265625 0.63046875 0.103125 0.171875
0 0.30703125 0.5734375 0.1296875 0.175
0 0.44921875 0.34765625 0.1484375 0.19375
0 0.153125 0.12578125 0.1203125 0.1859375
0 0.23515625 0.33984375 0.115625 0.1796875
1 0.85859375 0.4375 0.109375 0.1296875
4 0.67734375 0.4375 0.1203125 0.1484375
4 0.696875 0.13125 0.103125 0.13125
1 0.778125 0.609375 0.1140625 0.134375
3 0.9171875 0.94296875 0.11875 0.1140625
3 0.85546875 0.209375 0.1328125 0.146875
1 0.23828125 0.84609375 0.1125 0.1609375
2 0.16484375 0.571875 0.121875 0.153125
1 0.7625 0.8046875 0.1109375 0.1421875
2 0.078125 0.88984375 0.1046875 0.1453125
3 0.54296875 0.821875 0.1296875 0.1484375
1 0.3921875 0.86640625 0.1125 0.146875
4 0.91640625 0.73203125 0.1359375 0.153125
3 0.2953125 0.12734375 0.121875 0.1375
2 0.47109375 0.1234375 0.10625 0.15625