1 0.81171875 0.19140625 0.146875 0.171875
1 0.37890625 0.5953125 0.1359375 0.140625
1 0.17421875 0.11796875 0.1578125 0.1765625
2 0.51875 0.1109375 0.128125 0.1390625
0 0.5109375 0.8828125 0.1859375 0.2109375
3 0.45625 0.3578125 0.134375 0.1609375
0 0.846875 0.784375 0.16875 0.2046875
0 0.3296875 0.11953125 0.1640625 0.178125
2 0.8640625 0.60234375 0.1359375 0.15
0 0.078125 0.36875 0.146875 0.1765625
1 0.09453125 0.81484375 0.14375 0.1703125
0 0.096875 0.5546875 0.18125 0.2078125
4 0.51015625 0.68359375 0.15 0.1578125
2 0.2921875 0.3296875 0.15 0.1734375
2 0.6328125 0.359375 0.159375 0.1796875
4 0.69609375 0.58828125 0.15 0.1609375
2 0.26953125 0.815625 0.14375 0.159375
4 0.93515625 0.2953125 0.128125 0.15
4 0.734375 0.93828125 0.14375 0.1234375
1 0.6515625 0.1359375 0.1453125 0.175