0 0.1765625 0.3265625 0.10390625 0.1515625
0 0.090625 0.6984375 0.13046875 0.15
0 0.44609375 0.63125 0.1453125 0.17734375
4 0.10703125 0.12578125 0.11640625 0.1328125
4 0.66953125 0.22421875 0.1171875 0.12890625
3 0.23359375 0.12265625 0.11015625 0.12890625
1 0.43515625 0.24375 0.1203125 0.1515625
4 0.9109375 0.49140625 0.10703125 0.128125
3 0.27109375 0.88203125 0.121875 0.14921875
3 0.3734375 0.42734375 0.1171875 0.12734375
3 0.9078125 0.90625 0.11796875 0.1484375
2 0.26875 0.6796875 0.1078125 0.13046875
4 0.89921875 0.70078125 0.1203125 0.14453125
2 0.11796875 0.8921875 0.12734375 0.1328125
2 0.54140625 0.43984375 0.09765625 0.1125
2 0.10546875 0.50625 0.103125 0.1328125
2 0.70546875 0.77890625 0.109375 0.13671875
2 0.55859375 0.875 0.10625 0.12734375
0 0.73828125 0.496875 0.11640625 0.16328125
3 0.89453125 0.25859375 0.128125 0.14375