1 0.42421875 0.58828125 0.1359375 0.159375
0 0.890625 0.31484375 0.178125 0.209375
3 0.528125 0.1890625 0.140625 0.1640625
1 0.39140625 0.8921875 0.13125 0.15
2 0.33125 0.35 0.1171875 0.1265625
1 0.2296875 0.6375 0.1328125 0.159375
3 0.49296875 0.39609375 0.1375 0.1671875
3 0.1875 0.15234375 0.14375 0.1703125
1 0.75390625 0.8078125 0.15 0.1796875
0 0.65546875 0.57109375 0.1375 0.1640625
3 0.56796875 0.790625 0.1265625 0.1390625
2 0.825 0.5890625 0.15 0.1671875
4 0.2328125 0.85078125 0.1453125 0.1578125
3 0.821875 0.97109375 0.1375 0.0578125
3 0.0671875 0.81015625 0.134375 0.1578125
2 0.09609375 0.56328125 0.1265625 0.1515625
1 0.18671875 0.3734375 0.1390625 0.1609375
3 0.66875 0.3703125 0.1515625 0.1609375
2 0.38828125 0.125 0.153125 0.1890625
4 0.76953125 0.2140625 0.1265625 0.1421875