1 0.9265625 0.6546875 0.115625 0.1296875
3 0.60078125 0.7015625 0.1 0.12578125
3 0.29140625 0.65546875 0.1078125 0.13984375
0 0.7265625 0.38203125 0.1421875 0.15078125
0 0.5296875 0.5265625 0.1453125 0.16015625
0 0.103125 0.8390625 0.14765625 0.18203125
2 0.90078125 0.2359375 0.1046875 0.1109375
3 0.7734375 0.6390625 0.1171875 0.13515625
3 0.3671875 0.40703125 0.1109375 0.12578125
0 0.165625 0.33984375 0.12265625 0.15
0 0.446875 0.7234375 0.13046875 0.146875
0 0.1109375 0.134375 0.11484375 0.153125
0 0.13984375 0.61796875 0.1203125 0.14453125
4 0.61875 0.89921875 0.1140625 0.1328125
4 0.36953125 0.18046875 0.11796875 0.1375
4 0.81953125 0.89921875 0.13203125 0.1375
4 0.32109375 0.896875 0.12109375 0.13984375
4 0.56640625 0.20234375 0.11484375 0.13984375
4 0.92890625 0.453125 0.1234375 0.13203125
4 0.71796875 0.1828125 0.096875 0.1203125