1 0.409375 0.06328125 0.146875 0.1265625
0 0.4625 0.6546875 0.15 0.18125
1 0.81640625 0.12421875 0.146875 0.1546875
0 0.8 0.928125 0.1625 0.14375
4 0.4671875 0.85234375 0.1359375 0.146875
3 0.9546875 0.17265625 0.090625 0.1671875
1 0.88046875 0.584375 0.1390625 0.1453125
0 0.84140625 0.75234375 0.178125 0.2125
3 0.69921875 0.63359375 0.1421875 0.1703125
0 0.09765625 0.79140625 0.15 0.178125
0 0.73984375 0.3453125 0.184375 0.175
3 0.32109375 0.6046875 0.14375 0.1734375
0 0.578125 0.46640625 0.15625 0.1890625
4 0.17890625 0.44921875 0.14375 0.159375
4 0.65078125 0.85 0.1515625 0.165625
4 0.43359375 0.39296875 0.15 0.1734375
3 0.21953125 0.06484375 0.1421875 0.1296875
0 0.2296875 0.83046875 0.1625 0.1734375
3 0.5921875 0.1296875 0.1390625 0.165625
3 0.884375 0.36328125 0.1328125 0.15