1 0.934375 0.56328125 0.1203125 0.1421875
3 0.53203125 0.38515625 0.1171875 0.1578125
2 0.7765625 0.54921875 0.1109375 0.11875
2 0.24453125 0.32109375 0.096875 0.10625
4 0.86640625 0.3546875 0.1265625 0.1421875
2 0.425 0.85 0.1109375 0.121875
0 0.72578125 0.74375 0.1484375 0.1703125
2 0.11328125 0.06640625 0.1328125 0.1328125
2 0.709375 0.30546875 0.1109375 0.1296875
4 0.14921875 0.52265625 0.1109375 0.1265625
3 0.2765625 0.115625 0.1203125 0.1546875
4 0.10859375 0.73671875 0.1125 0.134375
4 0.565625 0.146875 0.1265625 0.140625
4 0.4 0.0875 0.1109375 0.1265625
2 0.815625 0.121875 0.115625 0.146875
2 0.48828125 0.62265625 0.1140625 0.1484375
3 0.28828125 0.53125 0.1140625 0.1296875
3 0.3984375 0.296875 0.1171875 0.14375
1 0.2578125 0.76328125 0.1203125 0.15625
3 0.9171875 0.83828125 0.121875 0.15625