0 0.0671875 0.75625 0.134375 0.1875
0 0.36640625 0.4296875 0.128125 0.175
0 0.865625 0.915625 0.140625 0.16875
0 0.6890625 0.89453125 0.1640625 0.178125
0 0.925 0.35625 0.1328125 0.1375
3 0.6453125 0.64140625 0.1328125 0.1578125
3 0.20703125 0.3421875 0.1375 0.15
4 0.9328125 0.54765625 0.1328125 0.14375
2 0.40234375 0.83203125 0.1171875 0.1265625
2 0.2328125 0.05234375 0.1125 0.1046875
3 0.48984375 0.63046875 0.1140625 0.140625
2 0.64140625 0.24453125 0.121875 0.1296875
3 0.87578125 0.1046875 0.121875 0.1453125
4 0.4078125 0.16015625 0.1203125 0.134375
0 0.31953125 0.62734375 0.1453125 0.1703125
3 0.5671875 0.4328125 0.128125 0.15625
4 0.24375 0.83359375 0.1234375 0.140625
1 0.75 0.48203125 0.1125 0.1359375
0 0.77265625 0.72109375 0.115625 0.1375
1 0.1609375 0.56328125 0.1296875 0.13125