2 0.1390625 0.37421875 0.125 0.140625
1 0.046875 0.190625 0.09375 0.159375
1 0.94609375 0.60234375 0.1078125 0.1609375
1 0.21875 0.9234375 0.146875 0.153125
2 0.18203125 0.18125 0.1453125 0.1609375
0 0.38203125 0.60234375 0.1625 0.1625
2 0.75 0.4828125 0.14375 0.165625
0 0.90625 0.371875 0.1578125 0.1546875
3 0.40390625 0.16796875 0.128125 0.140625
0 0.8375 0.17890625 0.1625 0.1671875
2 0.3515625 0.365625 0.134375 0.1421875
0 0.7546875 0.04453125 0.140625 0.0890625
0 0.36796875 0.87421875 0.153125 0.1734375
4 0.56953125 0.0734375 0.1453125 0.146875
3 0.52578125 0.8625 0.140625 0.1625
4 0.60546875 0.615625 0.1375 0.1609375
1 0.59296875 0.296875 0.1375 0.1640625
4 0.17890625 0.6765625 0.15625 0.171875
4 0.6734375 0.82734375 0.1625 0.1890625
3 0.809375 0.69609375 0.1296875 0.153125