0 0.27109375 0.25390625 0.121875 0.178125
0 0.74921875 0.90625 0.1265625 0.16875
1 0.55234375 0.178125 0.12109375 0.14140625
0 0.69453125 0.7109375 0.1140625 0.12890625
4 0.11484375 0.7015625 0.11640625 0.14765625
0 0.221875 0.9203125 0.13359375 0.13984375
4 0.4359375 0.40625 0.11953125 0.13203125
0 0.5 0.5828125 0.1359375 0.1375
4 0.09375 0.19296875 0.1109375 0.12578125
4 0.41796875 0.78984375 0.11796875 0.13671875
4 0.7328125 0.16875 0.12109375 0.140625
3 0.884375 0.4703125 0.11484375 0.1328125
4 0.28671875 0.7125 0.134375 0.15234375
3 0.9203125 0.9265625 0.12734375 0.1328125
3 0.71796875 0.46875 0.1203125 0.1234375
3 0.90859375 0.70859375 0.11796875 0.1375
3 0.91171875 0.25390625 0.1203125 0.15234375
1 0.2671875 0.45234375 0.11953125 0.1484375
2 0.59765625 0.940625 0.09296875 0.11875
2 0.0890625 0.48203125 0.1125 0.1421875