0 0.28984375 0.40625 0.171875 0.196875
0 0.07734375 0.63359375 0.1546875 0.1640625
0 0.45 0.90625 0.1484375 0.18125
0 0.375 0.1765625 0.1671875 0.2171875
0 0.8015625 0.41015625 0.1703125 0.1953125
1 0.859375 0.1765625 0.1265625 0.1578125
2 0.63515625 0.9125 0.121875 0.146875
1 0.96015625 0.2203125 0.0796875 0.15625
1 0.78515625 0.91875 0.1609375 0.1625
4 0.66640625 0.1609375 0.1515625 0.1640625
1 0.4015625 0.6359375 0.1375 0.15625
3 0.95234375 0.38515625 0.0953125 0.1734375
3 0.09921875 0.45078125 0.128125 0.153125
4 0.24140625 0.815625 0.15 0.1671875
2 0.16171875 0.26875 0.1296875 0.1578125
2 0.5140625 0.4015625 0.1515625 0.1828125
2 0.240625 0.0578125 0.134375 0.115625
1 0.88828125 0.74375 0.1375 0.15
1 0.2578125 0.590625 0.1484375 0.171875
2 0.65078125 0.59921875 0.128125 0.14375