0 0.58125 0.121875 0.11796875 0.18828125
0 0.10078125 0.16875 0.1390625 0.15625
0 0.11796875 0.35625 0.13046875 0.16171875
2 0.27890625 0.596875 0.09375 0.10703125
4 0.76171875 0.16796875 0.11953125 0.1453125
1 0.24921875 0.15234375 0.11328125 0.1328125
0 0.50546875 0.925 0.13515625 0.13828125
1 0.11171875 0.77578125 0.11484375 0.16171875
2 0.29140625 0.34453125 0.09453125 0.10546875
4 0.928125 0.1734375 0.13125 0.16015625
2 0.4578125 0.7125 0.103125 0.11484375
2 0.1015625 0.58515625 0.11640625 0.15703125
2 0.43828125 0.1359375 0.10703125 0.13203125
1 0.4703125 0.47421875 0.1078125 0.146875
4 0.83515625 0.48984375 0.12890625 0.1609375
2 0.64921875 0.6328125 0.10546875 0.140625
1 0.63125 0.43046875 0.10625 0.14765625
3 0.27734375 0.89375 0.109375 0.1484375
2 0.8484375 0.83671875 0.1015625 0.13125
4 0.690625 0.87109375 0.12109375 0.14296875