1 0.60234375 0.45390625 0.1203125 0.1390625
0 0.13984375 0.3203125 0.1484375 0.1625
3 0.5265625 0.6578125 0.1234375 0.140625
2 0.6171875 0.8734375 0.1078125 0.11875
2 0.365625 0.68828125 0.11875 0.11875
2 0.7640625 0.8484375 0.109375 0.1234375
2 0.27890625 0.496875 0.1359375 0.1421875
2 0.82109375 0.39296875 0.1234375 0.1421875
2 0.3328125 0.89296875 0.115625 0.1171875
0 0.50390625 0.27890625 0.1625 0.190625
4 0.8703125 0.57890625 0.1359375 0.159375
0 0.10859375 0.6046875 0.1421875 0.159375
3 0.4921875 0.90703125 0.134375 0.15625
4 0.11953125 0.95546875 0.1109375 0.0890625
2 0.91875 0.82109375 0.115625 0.1421875
4 0.353125 0.30625 0.159375 0.16875
3 0.84609375 0.0796875 0.134375 0.15
4 0.70703125 0.6375 0.128125 0.1515625
2 0.140625 0.7953125 0.121875 0.1515625
1 0.70546875 0.18984375 0.1328125 0.165625