1 0.66171875 0.62578125 0.1140625 0.12265625
1 0.34296875 0.92734375 0.11484375 0.14453125
0 0.7546875 0.43046875 0.1203125 0.1859375
2 0.11484375 0.8078125 0.10546875 0.11640625
2 0.10703125 0.5859375 0.103125 0.12578125
0 0.45390625 0.1125 0.140625 0.1625
3 0.82265625 0.13046875 0.1078125 0.14296875
2 0.27890625 0.53515625 0.1140625 0.128125
3 0.534375 0.93125 0.1078125 0.12890625
3 0.0734375 0.378125 0.11484375 0.153125
0 0.48828125 0.3203125 0.1359375 0.19765625
3 0.92734375 0.59140625 0.115625 0.1421875
4 0.49921875 0.6265625 0.12265625 0.1328125
0 0.1265625 0.2 0.115625 0.16171875
3 0.65703125 0.2234375 0.109375 0.134375
4 0.2765625 0.2234375 0.09765625 0.128125
1 0.921875 0.83046875 0.10390625 0.128125
4 0.68828125 0.81875 0.12109375 0.13828125
4 0.30546875 0.71640625 0.12265625 0.13671875
3 0.94140625 0.35703125 0.1046875 0.12421875