1 0.7359375 0.4609375 0.1359375 0.153125
1 0.52109375 0.3328125 0.115625 0.1375
2 0.89140625 0.06171875 0.1328125 0.1234375
0 0.696875 0.2796875 0.13125 0.175
0 0.2640625 0.13046875 0.1375 0.178125
3 0.3640625 0.85703125 0.1203125 0.1421875
0 0.79296875 0.7734375 0.1296875 0.15
0 0.3828125 0.41796875 0.15625 0.1890625
3 0.15 0.71484375 0.11875 0.1359375
3 0.946875 0.7578125 0.10625 0.1625
0 0.1609375 0.89765625 0.1390625 0.15625
0 0.10234375 0.19765625 0.1546875 0.196875
0 0.56953125 0.83984375 0.14375 0.165625
0 0.7515625 0.09453125 0.1390625 0.1578125
0 0.8875 0.56015625 0.1625 0.1828125
0 0.18359375 0.51640625 0.1484375 0.1734375
4 0.3421875 0.6734375 0.1171875 0.146875
2 0.5734375 0.6328125 0.11875 0.1515625
3 0.9234375 0.26796875 0.1125 0.1359375
3 0.5328125 0.1359375 0.134375 0.15