1 0.34296875 0.653125 0.1453125 0.16875
0 0.2453125 0.81875 0.15 0.165625
1 0.5078125 0.6578125 0.140625 0.15
1 0.696875 0.91953125 0.1375 0.1609375
0 0.36640625 0.3375 0.1796875 0.1921875
1 0.85390625 0.86796875 0.1296875 0.1390625
3 0.1109375 0.584375 0.1359375 0.1578125
0 0.72734375 0.4484375 0.184375 0.215625
2 0.6796875 0.66484375 0.109375 0.121875
4 0.41796875 0.14375 0.1328125 0.153125
2 0.56796875 0.16015625 0.1390625 0.15625
0 0.8984375 0.5734375 0.146875 0.1859375
0 0.74140625 0.21171875 0.165625 0.18125
2 0.95234375 0.21015625 0.0953125 0.1421875
4 0.246875 0.04765625 0.140625 0.0953125
4 0.5359375 0.47578125 0.146875 0.1625
3 0.06328125 0.775 0.1265625 0.153125
2 0.10390625 0.40234375 0.1515625 0.178125
2 0.21875 0.20390625 0.14375 0.1625
3 0.5171875 0.86875 0.146875 0.1640625