1 0.06796875 0.54375 0.11875 0.146875
1 0.7953125 0.7921875 0.1109375 0.1296875
2 0.8921875 0.21328125 0.1 0.1203125
0 0.090625 0.3359375 0.1203125 0.1796875
2 0.58046875 0.38828125 0.109375 0.1546875
0 0.64453125 0.19140625 0.128125 0.134375
3 0.06640625 0.92734375 0.1140625 0.1421875
0 0.43359375 0.91875 0.1203125 0.1296875
3 0.40390625 0.578125 0.1203125 0.1328125
0 0.0875 0.72421875 0.134375 0.14375
0 0.20859375 0.546875 0.121875 0.146875
2 0.62109375 0.828125 0.1203125 0.13125
2 0.48515625 0.11953125 0.1171875 0.1234375
3 0.72421875 0.3703125 0.1 0.1359375
0 0.575 0.62421875 0.125 0.16875
4 0.378125 0.33515625 0.1328125 0.1765625
3 0.76875 0.5390625 0.1234375 0.1296875
4 0.13046875 0.1109375 0.1203125 0.153125
3 0.2578125 0.15703125 0.1125 0.14375
1 0.2765625 0.753125 0.121875 0.1515625