1 0.415625 0.25546875 0.1328125 0.1515625
1 0.73671875 0.48515625 0.121875 0.13125
3 0.659375 0.87578125 0.1296875 0.1515625
1 0.87265625 0.61953125 0.1234375 0.15
0 0.95234375 0.14140625 0.0953125 0.1921875
0 0.159375 0.27890625 0.16875 0.196875
3 0.11171875 0.84765625 0.128125 0.1546875
1 0.7546875 0.29921875 0.1234375 0.1453125
0 0.36484375 0.63515625 0.1671875 0.209375
0 0.234375 0.0671875 0.128125 0.134375
0 0.79765625 0.13671875 0.1375 0.14375
3 0.67578125 0.6984375 0.13125 0.140625
2 0.3328125 0.85546875 0.1109375 0.1109375
0 0.9328125 0.3859375 0.134375 0.1875
0 0.190625 0.6390625 0.140625 0.1703125
4 0.821875 0.89140625 0.121875 0.1515625
4 0.565625 0.42890625 0.134375 0.1515625
1 0.6125 0.10625 0.128125 0.1546875
4 0.43828125 0.07734375 0.1328125 0.15
3 0.49921875 0.83359375 0.121875 0.1390625