1 0.09375 0.665625 0.11875 0.140625
1 0.828125 0.44140625 0.1109375 0.1421875
1 0.2625 0.65546875 0.1140625 0.12265625
0 0.796875 0.89765625 0.12265625 0.13203125
0 0.8953125 0.6796875 0.1203125 0.14140625
2 0.684375 0.61796875 0.0953125 0.1125
4 0.7578125 0.22578125 0.11328125 0.11953125
1 0.28203125 0.88828125 0.1109375 0.1484375
2 0.1015625 0.8875 0.109375 0.1203125
0 0.6484375 0.84375 0.115625 0.16875
2 0.44453125 0.55078125 0.10859375 0.14140625
4 0.51953125 0.15390625 0.1046875 0.1234375
0 0.90859375 0.125 0.14921875 0.16953125
0 0.46796875 0.34453125 0.10625 0.165625
4 0.096875 0.22109375 0.1109375 0.14296875
4 0.1296875 0.453125 0.1265625 0.1671875
4 0.3 0.3609375 0.1046875 0.13125
0 0.2453125 0.159375 0.11875 0.16640625
3 0.6421875 0.42421875 0.11015625 0.1234375
1 0.4796875 0.7484375 0.11171875 0.13671875