1 0.32109375 0.5703125 0.1234375 0.1375
2 0.3515625 0.38984375 0.1078125 0.11875
1 0.26875 0.1703125 0.09921875 0.1296875
1 0.66328125 0.11171875 0.1140625 0.15234375
3 0.65078125 0.72890625 0.11171875 0.140625
0 0.46640625 0.1203125 0.115625 0.15859375
2 0.09765625 0.14609375 0.11484375 0.10390625
3 0.6328125 0.509375 0.12265625 0.13125
0 0.81484375 0.1671875 0.128125 0.1515625
0 0.16953125 0.54453125 0.1125 0.165625
3 0.23984375 0.87578125 0.12578125 0.15234375
0 0.7828125 0.5046875 0.1109375 0.16640625
4 0.78828125 0.7078125 0.10703125 0.140625
4 0.84921875 0.90703125 0.10703125 0.121875
4 0.56171875 0.328125 0.1234375 0.1484375
4 0.4125 0.90546875 0.1125 0.14609375
4 0.475 0.6859375 0.11640625 0.12734375
3 0.0921875 0.3390625 0.11796875 0.13359375
1 0.6796875 0.90546875 0.1125 0.13125