2 0.6296875 0.5859375 0.115625 0.1234375
3 0.26328125 0.21171875 0.1265625 0.1609375
2 0.34375 0.43828125 0.1203125 0.1390625
1 0.753125 0.29453125 0.1140625 0.1359375
3 0.59375 0.3390625 0.128125 0.159375
4 0.60390625 0.12265625 0.1140625 0.125
0 0.1 0.36953125 0.165625 0.20625
3 0.8921875 0.0890625 0.1140625 0.1421875
0 0.05859375 0.1578125 0.1171875 0.1625
3 0.2859375 0.79140625 0.1109375 0.128125
0 0.1875 0.60703125 0.1390625 0.1515625
4 0.43515625 0.83125 0.1203125 0.1390625
0 0.7140625 0.77421875 0.1390625 0.1734375
0 0.43515625 0.1734375 0.1421875 0.1375
2 0.91640625 0.328125 0.1203125 0.15625
4 0.74765625 0.11953125 0.128125 0.1375
4 0.94453125 0.8734375 0.1109375 0.15
4 0.12734375 0.79375 0.121875 0.1515625
4 0.87109375 0.56796875 0.1375 0.175
1 0.45234375 0.6328125 0.1296875 0.165625