1 0.128125 0.628125 0.1265625 0.146875
1 0.096875 0.45234375 0.134375 0.153125
1 0.6578125 0.85625 0.1234375 0.14375
1 0.37890625 0.7171875 0.1171875 0.14375
2 0.44453125 0.2265625 0.125 0.1296875
2 0.8984375 0.1015625 0.1203125 0.125
3 0.8765625 0.33203125 0.1390625 0.184375
3 0.67734375 0.3609375 0.11875 0.146875
0 0.76015625 0.14765625 0.1515625 0.175
0 0.82734375 0.8859375 0.1515625 0.171875
4 0.303125 0.51484375 0.1375 0.1421875
0 0.4796875 0.90703125 0.159375 0.1859375
3 0.94140625 0.640625 0.1171875 0.1375
4 0.76171875 0.55703125 0.1390625 0.165625
4 0.5421875 0.56875 0.1203125 0.121875
4 0.14375 0.225 0.1359375 0.165625
2 0.29453125 0.31171875 0.1296875 0.1625
4 0.321875 0.94375 0.125 0.1125
4 0.140625 0.84921875 0.1203125 0.1453125