1 0.9203125 0.4203125 0.134375 0.1640625
2 0.26328125 0.8703125 0.1203125 0.128125
2 0.43671875 0.178125 0.1015625 0.109375
1 0.63359375 0.88671875 0.13125 0.1421875
1 0.7640625 0.21875 0.109375 0.1390625
0 0.85234375 0.60078125 0.14375 0.134375
4 0.4046875 0.38203125 0.128125 0.15625
2 0.0625 0.58203125 0.125 0.1484375
0 0.528125 0.7890625 0.1109375 0.1546875
2 0.66328125 0.3984375 0.1296875 0.153125
0 0.38671875 0.67734375 0.1265625 0.1875
0 0.6421875 0.2140625 0.125 0.18125
3 0.67421875 0.6546875 0.1171875 0.140625
4 0.20546875 0.2015625 0.1140625 0.1296875
2 0.9171875 0.2265625 0.109375 0.1359375
4 0.07421875 0.3734375 0.121875 0.153125
4 0.55390625 0.59296875 0.1203125 0.1359375
2 0.09765625 0.821875 0.1015625 0.1328125
3 0.215625 0.52578125 0.1375 0.1625
4 0.8265625 0.85703125 0.13125 0.15