1 0.58359375 0.6875 0.128125 0.140625
1 0.234375 0.41484375 0.134375 0.1578125
1 0.8046875 0.17421875 0.1359375 0.1453125
1 0.6125 0.240625 0.11875 0.13125
1 0.24140625 0.7359375 0.128125 0.159375
3 0.7546875 0.53515625 0.115625 0.1453125
3 0.078125 0.8078125 0.134375 0.1609375
3 0.7859375 0.35859375 0.1265625 0.153125
4 0.47421875 0.25546875 0.1203125 0.128125
4 0.121875 0.6453125 0.1203125 0.1421875
0 0.9234375 0.48671875 0.153125 0.1734375
0 0.496875 0.07734375 0.146875 0.1546875
4 0.44609375 0.4484375 0.1421875 0.1578125
2 0.81171875 0.934375 0.1203125 0.13125
4 0.8578125 0.71171875 0.134375 0.1484375
2 0.95859375 0.171875 0.0828125 0.14375
2 0.3140625 0.2015625 0.1234375 0.159375
4 0.13515625 0.09609375 0.134375 0.165625
2 0.54609375 0.865625 0.128125 0.1578125
2 0.61171875 0.45703125 0.1171875 0.1484375