0 0.309375 0.7375 0.14609375 0.17265625
0 0.1203125 0.48359375 0.13671875 0.16484375
3 0.33671875 0.21484375 0.11484375 0.15
1 0.24375 0.92265625 0.11640625 0.13515625
2 0.87734375 0.1578125 0.1125 0.134375
0 0.66015625 0.62421875 0.14375 0.1625
0 0.14609375 0.7140625 0.1390625 0.16640625
0 0.1734375 0.3171875 0.146875 0.17265625
2 0.89765625 0.8984375 0.1109375 0.1171875
0 0.7171875 0.921875 0.13125 0.153125
1 0.5390625 0.9234375 0.10390625 0.11796875
3 0.2921875 0.5109375 0.1140625 0.13125
0 0.4515625 0.67109375 0.1078125 0.12109375
2 0.91875 0.64375 0.10078125 0.115625
4 0.45 0.49453125 0.11953125 0.1375
4 0.64140625 0.32890625 0.11171875 0.140625
3 0.52890625 0.1171875 0.11328125 0.13515625
3 0.0796875 0.0890625 0.11484375 0.13125
3 0.790625 0.4203125 0.10390625 0.12421875
4 0.7140625 0.11875 0.1140625 0.14453125