1 0.42265625 0.71015625 0.1078125 0.134375
0 0.16015625 0.1203125 0.14609375 0.184375
0 0.21953125 0.6890625 0.15 0.16484375
2 0.42890625 0.49140625 0.1046875 0.1140625
2 0.79609375 0.659375 0.1 0.1078125
4 0.3484375 0.1203125 0.1171875 0.12421875
0 0.63828125 0.640625 0.1359375 0.18125
0 0.7640625 0.853125 0.1265625 0.14140625
3 0.10703125 0.3546875 0.11171875 0.14921875
3 0.74375 0.128125 0.1140625 0.13515625
0 0.440625 0.30703125 0.14296875 0.17890625
4 0.6265625 0.84375 0.10390625 0.12109375
4 0.94140625 0.84453125 0.103125 0.12265625
0 0.925 0.1234375 0.1296875 0.171875
0 0.44140625 0.91484375 0.13125 0.16171875
4 0.63046875 0.2890625 0.10625 0.1421875
4 0.26875 0.4125 0.11328125 0.13984375
4 0.2140625 0.90546875 0.121875 0.128125
4 0.9390625 0.6515625 0.1078125 0.12265625
1 0.809375 0.41015625 0.1171875 0.153125