0 0.57578125 0.609375 0.1359375 0.178125
0 0.3171875 0.840625 0.11953125 0.146875
0 0.9171875 0.70390625 0.1375 0.196875
0 0.31640625 0.24609375 0.13046875 0.14140625
0 0.45625 0.83125 0.12421875 0.178125
1 0.7734375 0.36171875 0.12109375 0.15
2 0.94453125 0.88984375 0.10625 0.11640625
3 0.9234375 0.36484375 0.11328125 0.15859375
3 0.35078125 0.6609375 0.11953125 0.13359375
3 0.584375 0.1765625 0.1140625 0.146875
4 0.10859375 0.15078125 0.11875 0.1421875
2 0.7421875 0.65625 0.1171875 0.14453125
4 0.65859375 0.93203125 0.096875 0.1265625
2 0.8828125 0.14921875 0.103125 0.13515625
2 0.446875 0.18984375 0.1015625 0.1171875
2 0.3640625 0.471875 0.1234375 0.13359375
4 0.20234375 0.6515625 0.12578125 0.140625
2 0.5828125 0.44765625 0.10078125 0.1296875
4 0.1375 0.90390625 0.11796875 0.1671875
4 0.15703125 0.425 0.13359375 0.14296875