0 0.24140625 0.51328125 0.1296875 0.1671875
0 0.37734375 0.68828125 0.134375 0.1703125
0 0.7703125 0.925 0.153125 0.15
1 0.5984375 0.88984375 0.134375 0.1453125
0 0.68046875 0.68828125 0.15625 0.1875
0 0.17890625 0.07265625 0.1765625 0.1453125
0 0.45 0.353125 0.1671875 0.178125
4 0.8921875 0.484375 0.140625 0.1609375
3 0.06640625 0.60234375 0.1328125 0.1671875
1 0.05625 0.809375 0.1125 0.153125
3 0.84375 0.73515625 0.11875 0.1421875
3 0.27265625 0.33359375 0.1296875 0.1515625
3 0.35703125 0.06640625 0.1359375 0.1328125
3 0.75 0.3328125 0.1359375 0.165625
2 0.22421875 0.71640625 0.1203125 0.1359375
3 0.1171875 0.2765625 0.1375 0.15625
3 0.7125 0.11328125 0.121875 0.1515625
4 0.36796875 0.86640625 0.1234375 0.1375
2 0.90078125 0.265625 0.13125 0.1546875
3 0.5046875 0.19453125 0.1453125 0.15625