0 0.60390625 0.54921875 0.1421875 0.1921875
0 0.07734375 0.7875 0.1546875 0.20625
0 0.5875 0.32734375 0.134375 0.1828125
0 0.44921875 0.9140625 0.1484375 0.171875
4 0.75625 0.59296875 0.134375 0.15
1 0.37890625 0.0859375 0.1234375 0.146875
4 0.6625 0.1515625 0.14375 0.165625
1 0.4640625 0.31953125 0.1375 0.1484375
3 0.26171875 0.43828125 0.1375 0.1640625
4 0.21328125 0.60078125 0.1328125 0.14375
2 0.4 0.64765625 0.11875 0.1296875
4 0.80859375 0.7890625 0.13125 0.15625
1 0.76640625 0.3890625 0.15 0.1484375
4 0.2625 0.84453125 0.1359375 0.1453125
4 0.88671875 0.20703125 0.128125 0.1484375
3 0.63125 0.9 0.11875 0.1421875
3 0.93515625 0.52578125 0.1296875 0.1515625
2 0.1015625 0.4140625 0.1265625 0.1546875
2 0.196875 0.10234375 0.1328125 0.1640625
2 0.059375 0.58671875 0.11875 0.1578125