0 0.3890625 0.5953125 0.159375 0.16875
0 0.44453125 0.3546875 0.159375 0.1671875
4 0.15234375 0.28359375 0.1375 0.1578125
3 0.05703125 0.4109375 0.1140625 0.1625
1 0.55 0.09765625 0.153125 0.1703125
3 0.253125 0.44609375 0.171875 0.203125
4 0.88984375 0.80859375 0.146875 0.153125
3 0.39140625 0.1859375 0.13125 0.153125
1 0.8171875 0.44609375 0.1453125 0.1671875
1 0.640625 0.39609375 0.1484375 0.165625
4 0.86328125 0.61875 0.1265625 0.1453125
3 0.75546875 0.23359375 0.1484375 0.1578125
3 0.56171875 0.90390625 0.1453125 0.1609375
4 0.66796875 0.6484375 0.1546875 0.1828125
2 0.71875 0.06640625 0.125 0.1328125
2 0.3921875 0.865625 0.140625 0.1453125
2 0.72109375 0.86015625 0.146875 0.1625
1 0.23671875 0.9296875 0.1578125 0.140625
2 0.0328125 0.21484375 0.065625 0.1734375
2 0.10625 0.70078125 0.125 0.15