0 0.5390625 0.3375 0.10234375 0.15234375
0 0.59453125 0.85 0.109375 0.16796875
0 0.90390625 0.378125 0.11953125 0.13203125
0 0.925 0.13828125 0.12421875 0.15703125
4 0.59609375 0.6171875 0.125 0.13203125
1 0.2 0.60859375 0.10859375 0.1359375
1 0.215625 0.38046875 0.12734375 0.15078125
3 0.34453125 0.63671875 0.1078125 0.14296875
1 0.8859375 0.590625 0.11015625 0.13203125
1 0.12578125 0.92109375 0.1203125 0.14296875
1 0.10625 0.1421875 0.1015625 0.1265625
2 0.35546875 0.40390625 0.1015625 0.11875
3 0.41328125 0.8171875 0.115625 0.14609375
3 0.42890625 0.1328125 0.125 0.140625
4 0.7 0.19609375 0.11953125 0.1359375
1 0.2734375 0.90078125 0.09453125 0.125
1 0.265625 0.17109375 0.11640625 0.140625
2 0.75078125 0.89921875 0.11015625 0.13515625
1 0.70859375 0.43125 0.11484375 0.15234375
2 0.928125 0.84765625 0.10234375 0.13125