1 0.51328125 0.32734375 0.1125 0.13203125
2 0.54609375 0.14921875 0.10703125 0.1171875
2 0.32109375 0.353125 0.10703125 0.12734375
0 0.87421875 0.12578125 0.1140625 0.1828125
3 0.765625 0.44140625 0.12109375 0.15703125
4 0.2046875 0.60390625 0.13671875 0.14140625
2 0.10390625 0.91015625 0.10625 0.12734375
0 0.32734375 0.8234375 0.13671875 0.18125
4 0.5890625 0.52109375 0.115625 0.13828125
0 0.38359375 0.53671875 0.10703125 0.16171875
0 0.796875 0.62734375 0.12109375 0.15390625
3 0.16171875 0.33046875 0.11171875 0.134375
0 0.67890625 0.2078125 0.12734375 0.18984375
3 0.4609375 0.76796875 0.10625 0.1234375
1 0.64140625 0.7328125 0.10703125 0.14140625
1 0.3234375 0.13046875 0.128125 0.15703125
4 0.66171875 0.90078125 0.1140625 0.13125
3 0.91328125 0.3578125 0.1078125 0.1328125
2 0.09140625 0.1 0.1 0.11796875
4 0.86953125 0.840625 0.1140625 0.146875