0 0.78828125 0.2125 0.184375 0.2203125
2 0.17421875 0.753125 0.134375 0.146875
1 0.5765625 0.8703125 0.15 0.1625
2 0.58828125 0.3234375 0.14375 0.1515625
2 0.38359375 0.88359375 0.128125 0.134375
0 0.6703125 0.67890625 0.171875 0.15625
3 0.3 0.68203125 0.1375 0.1640625
2 0.4140625 0.4609375 0.11875 0.1390625
0 0.446875 0.6421875 0.1703125 0.209375
2 0.284375 0.21328125 0.1359375 0.140625
2 0.6578125 0.06484375 0.14375 0.1296875
2 0.25546875 0.43828125 0.1375 0.1578125
2 0.4546875 0.09140625 0.140625 0.165625
2 0.7953125 0.8203125 0.1359375 0.15625
0 0.1 0.48828125 0.1625 0.2
3 0.04375 0.25390625 0.0875 0.1546875
4 0.82734375 0.0296875 0.1390625 0.059375
3 0.22890625 0.9390625 0.1390625 0.121875
1 0.7890625 0.44296875 0.146875 0.1640625
2 0.953125 0.70703125 0.09375 0.1765625