1 0.44765625 0.60390625 0.10546875 0.13828125
0 0.834375 0.22578125 0.1390625 0.18046875
3 0.45234375 0.19140625 0.11015625 0.1421875
1 0.48984375 0.90703125 0.103125 0.12890625
2 0.3 0.3953125 0.09375 0.1078125
1 0.27109375 0.6984375 0.103125 0.13828125
3 0.46796875 0.40078125 0.1046875 0.14609375
3 0.1125 0.23828125 0.1109375 0.1484375
1 0.82109375 0.7375 0.11484375 0.15625
0 0.66796875 0.53125 0.10625 0.1421875
3 0.6359375 0.765625 0.1015625 0.11875
2 0.83671875 0.5078125 0.11875 0.1421875
4 0.32578125 0.9046875 0.11640625 0.134375
3 0.93828125 0.92890625 0.1078125 0.13671875
3 0.1484375 0.9078125 0.1203125 0.1328125
2 0.1234375 0.659375 0.0984375 0.13125
1 0.165625 0.453125 0.10859375 0.1390625
3 0.63203125 0.33359375 0.12265625 0.1359375
2 0.30078125 0.16328125 0.115625 0.16640625
4 0.6921875 0.15703125 0.10078125 0.12109375