1 0.16171875 0.42421875 0.1203125 0.134375
1 0.78046875 0.11875 0.140625 0.1546875
2 0.5109375 0.62578125 0.11875 0.13125
2 0.5046875 0.3296875 0.1234375 0.1359375
1 0.93125 0.4734375 0.134375 0.1421875
3 0.53359375 0.7875 0.115625 0.1328125
0 0.53203125 0.1234375 0.134375 0.175
2 0.16875 0.2578125 0.1015625 0.103125
0 0.21953125 0.06796875 0.1421875 0.1359375
0 0.93203125 0.21875 0.1359375 0.190625
2 0.63984375 0.3625 0.10625 0.1296875
2 0.71484375 0.565625 0.115625 0.1265625
4 0.153125 0.61484375 0.134375 0.159375
0 0.8921875 0.89609375 0.14375 0.175
3 0.896875 0.64921875 0.1203125 0.1421875
2 0.31640625 0.7625 0.10625 0.1234375
3 0.05546875 0.8421875 0.1109375 0.134375
1 0.32109375 0.45078125 0.1 0.1234375
3 0.365625 0.10703125 0.13125 0.140625
3 0.72734375 0.7796875 0.1109375 0.121875