1 0.06015625 0.4296875 0.1203125 0.15
3 0.3625 0.32109375 0.121875 0.1421875
3 0.675 0.3078125 0.1328125 0.1578125
0 0.3 0.659375 0.16875 0.175
0 0.465625 0.4796875 0.1734375 0.184375
0 0.82421875 0.096875 0.1796875 0.19375
2 0.15703125 0.8359375 0.1234375 0.128125
3 0.2046875 0.415625 0.140625 0.1546875
3 0.6484375 0.565625 0.1328125 0.1453125
0 0.85859375 0.59375 0.1484375 0.1703125
0 0.509375 0.2703125 0.15625 0.16875
0 0.93984375 0.784375 0.1203125 0.171875
0 0.83125 0.315625 0.1453125 0.1640625
4 0.30703125 0.13046875 0.1375 0.1515625
4 0.6890625 0.7890625 0.1421875 0.1578125
4 0.11015625 0.16875 0.15625 0.1609375
4 0.59921875 0.078125 0.1453125 0.15625
4 0.49140625 0.8046875 0.1390625 0.159375
4 0.08828125 0.628125 0.146875 0.153125
4 0.346875 0.853125 0.11875 0.1359375