0 0.90234375 0.61171875 0.1421875 0.1546875
0 0.8375 0.396875 0.13125 0.1859375
1 0.73984375 0.60859375 0.1171875 0.153125
0 0.453125 0.43359375 0.1328125 0.1546875
0 0.1265625 0.8078125 0.1359375 0.159375
4 0.34375 0.86953125 0.1390625 0.1546875
1 0.56171875 0.1375 0.1203125 0.14375
1 0.9203125 0.79453125 0.1265625 0.1390625
2 0.6171875 0.834375 0.096875 0.121875
2 0.22265625 0.1328125 0.1078125 0.1453125
2 0.765625 0.18984375 0.1046875 0.1203125
4 0.578125 0.62734375 0.1328125 0.165625
4 0.2203125 0.303125 0.115625 0.1328125
3 0.315625 0.51875 0.1203125 0.153125
1 0.609375 0.32578125 0.1109375 0.1359375
4 0.05546875 0.52421875 0.1109375 0.1515625
4 0.76953125 0.84140625 0.1109375 0.1453125
3 0.359375 0.15234375 0.1171875 0.128125
3 0.0671875 0.21640625 0.11875 0.14375
4 0.4328125 0.68984375 0.125 0.1375