1 0.11640625 0.27265625 0.1296875 0.14375
2 0.59921875 0.12265625 0.090625 0.103125
1 0.26484375 0.7390625 0.115625 0.128125
3 0.44296875 0.11484375 0.1171875 0.1546875
0 0.79140625 0.85078125 0.1359375 0.146875
3 0.83125 0.3484375 0.1078125 0.1453125
2 0.78359375 0.0984375 0.115625 0.140625
2 0.45078125 0.8890625 0.103125 0.121875
0 0.4984375 0.31484375 0.1265625 0.1578125
3 0.08515625 0.83828125 0.1109375 0.11875
0 0.13984375 0.08828125 0.125 0.1359375
2 0.75 0.59140625 0.125 0.1296875
0 0.35234375 0.33515625 0.134375 0.1609375
0 0.28984375 0.13671875 0.125 0.1640625
0 0.628125 0.83359375 0.13125 0.1484375
0 0.66328125 0.37109375 0.15 0.1703125
3 0.453125 0.665625 0.1109375 0.1484375
3 0.95703125 0.08984375 0.0859375 0.1484375
3 0.11484375 0.5140625 0.1 0.128125
4 0.91015625 0.63984375 0.1234375 0.1390625