0 0.88046875 0.38828125 0.1296875 0.165625
0 0.88515625 0.12890625 0.11875 0.1796875
0 0.23046875 0.79765625 0.1578125 0.184375
0 0.728125 0.43359375 0.134375 0.1578125
0 0.509375 0.8796875 0.1578125 0.175
0 0.91171875 0.5796875 0.1359375 0.1359375
1 0.409375 0.59140625 0.115625 0.1296875
0 0.659375 0.240625 0.14375 0.18125
3 0.225 0.1640625 0.140625 0.1765625
4 0.53515625 0.546875 0.1234375 0.1390625
2 0.35625 0.8140625 0.109375 0.1515625
2 0.0703125 0.49765625 0.1140625 0.13125
3 0.6984375 0.815625 0.125 0.15
2 0.7203125 0.615625 0.1234375 0.1296875
1 0.2234375 0.6265625 0.128125 0.15625
4 0.446875 0.14296875 0.125 0.1484375
2 0.90390625 0.81484375 0.1109375 0.13125
4 0.08203125 0.1265625 0.1140625 0.1328125
2 0.28046875 0.34921875 0.1265625 0.159375
2 0.46953125 0.32265625 0.1046875 0.1453125