0 0.93359375 0.6578125 0.12578125 0.175
0 0.8171875 0.88203125 0.1453125 0.18046875
0 0.59296875 0.51171875 0.10390625 0.15
2 0.31015625 0.5359375 0.08671875 0.13203125
3 0.340625 0.921875 0.12265625 0.134375
4 0.11484375 0.33125 0.11640625 0.13359375
1 0.9328125 0.44140625 0.11328125 0.1546875
1 0.25 0.30625 0.10078125 0.13984375
1 0.92734375 0.221875 0.1140625 0.14453125
2 0.74375 0.51484375 0.1171875 0.1359375
3 0.1390625 0.89453125 0.12265625 0.16015625
3 0.45390625 0.53203125 0.11953125 0.140625
1 0.346875 0.14375 0.0984375 0.12421875
1 0.58203125 0.80859375 0.11484375 0.15546875
1 0.09296875 0.5546875 0.12890625 0.15390625
3 0.73828125 0.2234375 0.10859375 0.121875
2 0.41875 0.31875 0.1046875 0.11875
3 0.1671875 0.11328125 0.1234375 0.15390625
4 0.3203125 0.73515625 0.1125 0.1328125
2 0.55390625 0.159375 0.11796875 0.128125