2 0.371875 0.41171875 0.1140625 0.121875
3 0.73203125 0.79296875 0.1234375 0.159375
2 0.65546875 0.56484375 0.11875 0.1375
1 0.24296875 0.7015625 0.1125 0.134375
3 0.403125 0.659375 0.125 0.1578125
4 0.3890625 0.875 0.1125 0.1234375
0 0.89765625 0.6375 0.1625 0.2046875
3 0.10078125 0.90390625 0.1125 0.140625
0 0.93828125 0.84921875 0.1234375 0.1609375
3 0.71875 0.2125 0.1078125 0.1265625
0 0.8140625 0.3984375 0.1359375 0.15
4 0.57109375 0.1703125 0.11875 0.1375
0 0.290625 0.221875 0.1375 0.171875
0 0.559375 0.82734375 0.140625 0.1359375
2 0.08046875 0.66484375 0.11875 0.1546875
4 0.24609375 0.87578125 0.125 0.1359375
4 0.0578125 0.11796875 0.115625 0.1484375
4 0.878125 0.2125 0.11875 0.15
4 0.13046875 0.42578125 0.134375 0.171875
1 0.54921875 0.36796875 0.128125 0.1640625