1 0.115625 0.41953125 0.1171875 0.1515625
0 0.5625 0.85078125 0.1359375 0.1625
0 0.39609375 0.9296875 0.1328125 0.1359375
0 0.25390625 0.30625 0.14375 0.16875
2 0.47734375 0.1640625 0.121875 0.1359375
1 0.0609375 0.19765625 0.121875 0.1453125
3 0.39375 0.45703125 0.115625 0.1390625
0 0.7625 0.925 0.121875 0.13125
2 0.07578125 0.9203125 0.115625 0.15
1 0.7 0.478125 0.1171875 0.1359375
4 0.85546875 0.67265625 0.109375 0.11875
4 0.8984375 0.37109375 0.125 0.1453125
4 0.69453125 0.73984375 0.1171875 0.1390625
0 0.22265625 0.909375 0.109375 0.159375
1 0.45078125 0.67109375 0.13125 0.153125
3 0.9078125 0.87890625 0.125 0.134375
2 0.6265625 0.1859375 0.0984375 0.128125
4 0.53046875 0.48125 0.1265625 0.140625
4 0.22265625 0.70078125 0.1171875 0.1453125
3 0.84921875 0.18125 0.11875 0.1515625