0 0.0484375 0.6375 0.096875 0.153125
0 0.85 0.4828125 0.11875 0.16875
0 0.65234375 0.69609375 0.1140625 0.1671875
0 0.85390625 0.91484375 0.1453125 0.1578125
4 0.821875 0.69453125 0.14375 0.1609375
3 0.909375 0.2359375 0.125 0.1546875
2 0.684375 0.140625 0.096875 0.1171875
3 0.521875 0.5625 0.1125 0.1515625
3 0.3640625 0.3171875 0.1234375 0.140625
1 0.18984375 0.875 0.1234375 0.1421875
4 0.5984375 0.3453125 0.115625 0.14375
4 0.05 0.8265625 0.1 0.140625
3 0.3921875 0.54140625 0.13125 0.1453125
1 0.1890625 0.678125 0.128125 0.14375
1 0.5015625 0.125 0.121875 0.15625
3 0.084375 0.11875 0.1265625 0.1359375
2 0.425 0.8296875 0.1171875 0.159375
4 0.271875 0.11328125 0.121875 0.1484375
2 0.07734375 0.40390625 0.1109375 0.128125
4 0.71015625 0.90546875 0.1390625 0.18125