0 0.84921875 0.709375 0.1421875 0.1921875
2 0.12265625 0.3328125 0.10703125 0.125
1 0.484375 0.121875 0.12109375 0.13671875
2 0.628125 0.65 0.11640625 0.1265625
2 0.29453125 0.15625 0.10390625 0.11328125
0 0.621875 0.28515625 0.14609375 0.125
3 0.26171875 0.371875 0.10625 0.14296875
2 0.42578125 0.55859375 0.09296875 0.1203125
0 0.4140625 0.375 0.1296875 0.1828125
2 0.36015625 0.83046875 0.11015625 0.1171875
2 0.76328125 0.89921875 0.11328125 0.1375
2 0.27734375 0.61875 0.10859375 0.1359375
2 0.5546875 0.9078125 0.10859375 0.14375
2 0.709375 0.11796875 0.10625 0.13515625
0 0.11484375 0.6078125 0.12421875 0.17578125
3 0.08984375 0.85546875 0.115625 0.13125
4 0.94375 0.928125 0.1078125 0.14296875
3 0.128125 0.1265625 0.11171875 0.125
1 0.79453125 0.48515625 0.11640625 0.140625
2 0.915625 0.1828125 0.1109375 0.15390625