2 0.7203125 0.3109375 0.14375 0.146875
1 0.1265625 0.5640625 0.134375 0.1625
1 0.153125 0.753125 0.1359375 0.15625
1 0.865625 0.0671875 0.1375 0.134375
2 0.703125 0.1140625 0.1296875 0.134375
0 0.525 0.7078125 0.1453125 0.1703125
1 0.82109375 0.50703125 0.140625 0.1609375
3 0.69375 0.7453125 0.1328125 0.1484375
3 0.5265625 0.43125 0.13125 0.1640625
0 0.8765625 0.7609375 0.15625 0.2015625
2 0.25390625 0.93046875 0.1171875 0.1390625
2 0.33515625 0.428125 0.1453125 0.1578125
4 0.2359375 0.2015625 0.1359375 0.1703125
2 0.34609375 0.65625 0.1265625 0.15625
0 0.8859375 0.24375 0.1625 0.1796875
0 0.534375 0.2125 0.11875 0.1609375
4 0.38125 0.90859375 0.128125 0.159375
2 0.3875 0.18984375 0.121875 0.15625
4 0.06015625 0.2578125 0.1203125 0.153125
4 0.53984375 0.90390625 0.146875 0.1546875