0 0.47265625 0.3703125 0.096875 0.16875
0 0.690625 0.41953125 0.1234375 0.171875
0 0.55625 0.65078125 0.140625 0.1890625
0 0.859375 0.86171875 0.1125 0.18125
0 0.7703125 0.65078125 0.109375 0.175
1 0.14375 0.575 0.10625 0.125
4 0.325 0.56875 0.115625 0.14375
4 0.31640625 0.875 0.1 0.128125
1 0.21796875 0.40078125 0.109375 0.13125
3 0.0671875 0.06328125 0.115625 0.125
3 0.1546875 0.803125 0.128125 0.1421875
1 0.74921875 0.1453125 0.10625 0.1578125
2 0.8328125 0.41640625 0.115625 0.1484375
1 0.22734375 0.2046875 0.10625 0.1390625
2 0.9078125 0.0953125 0.1 0.140625
3 0.44609375 0.1796875 0.125 0.14375
1 0.5953125 0.1296875 0.1078125 0.14375
4 0.07578125 0.2828125 0.13125 0.15
3 0.71796875 0.865625 0.1171875 0.1328125
2 0.5421875 0.875 0.1015625 0.153125