1 0.31015625 0.9140625 0.11484375 0.13203125
0 0.6859375 0.41328125 0.11640625 0.15234375
0 0.9265625 0.81171875 0.1171875 0.159375
3 0.74296875 0.2328125 0.109375 0.13828125
0 0.10625 0.45546875 0.11640625 0.16484375
0 0.9171875 0.415625 0.1140625 0.15234375
3 0.0984375 0.9015625 0.11171875 0.13046875
0 0.3984375 0.1265625 0.14296875 0.16171875
3 0.93828125 0.2234375 0.115625 0.1546875
4 0.590625 0.1984375 0.10390625 0.13203125
0 0.35234375 0.72890625 0.11328125 0.13984375
1 0.7171875 0.63984375 0.10390625 0.14375
0 0.4453125 0.45703125 0.11328125 0.175
0 0.11484375 0.62109375 0.11640625 0.1265625
0 0.61953125 0.9078125 0.14609375 0.17578125
2 0.2546875 0.45234375 0.11328125 0.16953125
0 0.865625 0.60390625 0.1484375 0.175
0 0.196875 0.26171875 0.1515625 0.165625
1 0.7859375 0.91015625 0.11953125 0.13046875
4 0.51484375 0.65625 0.11640625 0.1359375