1 0.34375 0.33671875 0.10703125 0.13515625
0 0.72890625 0.13515625 0.13359375 0.171875
1 0.10078125 0.92265625 0.103125 0.1203125
0 0.925 0.21796875 0.140625 0.17890625
0 0.54296875 0.16015625 0.12421875 0.16796875
0 0.3875 0.1609375 0.11796875 0.1484375
3 0.5234375 0.340625 0.1046875 0.128125
2 0.9203125 0.66640625 0.12421875 0.13828125
3 0.728125 0.34296875 0.10546875 0.13203125
2 0.89375 0.4421875 0.121875 0.13203125
0 0.40390625 0.57421875 0.14609375 0.184375
0 0.13125 0.1265625 0.13359375 0.1625
1 0.4609375 0.9078125 0.1140625 0.13125
3 0.0921875 0.6046875 0.11875 0.15234375
4 0.70078125 0.91796875 0.11875 0.1421875
1 0.6984375 0.5734375 0.10546875 0.13828125
4 0.2734375 0.80078125 0.12109375 0.15390625
3 0.13125 0.3765625 0.1109375 0.1203125