0 0.7328125 0.10703125 0.13125 0.1875
0 0.31328125 0.4734375 0.1671875 0.184375
3 0.49140625 0.13046875 0.1203125 0.1328125
4 0.53828125 0.69921875 0.1125 0.1234375
4 0.4984375 0.55 0.1234375 0.140625
4 0.10546875 0.9453125 0.1171875 0.109375
1 0.6859375 0.8546875 0.11875 0.1453125
3 0.91171875 0.25859375 0.1328125 0.1453125
4 0.79140625 0.5125 0.1296875 0.1484375
3 0.91953125 0.79765625 0.11875 0.1515625
0 0.15625 0.53125 0.1546875 0.1609375
4 0.73828125 0.29140625 0.140625 0.165625
1 0.28125 0.93203125 0.115625 0.1359375
3 0.3203125 0.2671875 0.1234375 0.15625
1 0.4984375 0.90390625 0.1375 0.165625
2 0.86875 0.08984375 0.1234375 0.1375
2 0.35546875 0.71796875 0.128125 0.1546875
2 0.13671875 0.1890625 0.1171875 0.1484375
2 0.128125 0.73671875 0.1203125 0.15
4 0.52421875 0.3375 0.1328125 0.171875