1 0.56953125 0.903125 0.14375 0.1671875
1 0.81484375 0.78359375 0.140625 0.1671875
1 0.3890625 0.68515625 0.121875 0.1390625
1 0.93515625 0.42578125 0.128125 0.146875
1 0.31328125 0.45546875 0.1296875 0.1484375
1 0.21953125 0.8609375 0.1375 0.1453125
1 0.96328125 0.8265625 0.0734375 0.14375
0 0.69375 0.240625 0.134375 0.140625
3 0.59921875 0.69921875 0.125 0.1390625
0 0.496875 0.17734375 0.1671875 0.175
0 0.9359375 0.63125 0.128125 0.165625
3 0.06875 0.27109375 0.128125 0.159375
0 0.6375 0.47890625 0.140625 0.153125
0 0.41171875 0.915625 0.1484375 0.16875
4 0.85625 0.2265625 0.14375 0.1484375
3 0.45 0.4296875 0.1359375 0.1546875
3 0.81875 0.065625 0.128125 0.13125
2 0.7875 0.45703125 0.1078125 0.1296875
4 0.16328125 0.5796875 0.140625 0.1640625