0 0.5109375 0.61484375 0.109375 0.165625
0 0.29921875 0.81171875 0.134375 0.184375
0 0.5578125 0.3515625 0.128125 0.15
0 0.48203125 0.12421875 0.1140625 0.1671875
0 0.33515625 0.5734375 0.14375 0.16875
2 0.82890625 0.86875 0.096875 0.1234375
1 0.13828125 0.78671875 0.1203125 0.15625
4 0.31953125 0.37734375 0.121875 0.1296875
4 0.16875 0.36171875 0.115625 0.140625
2 0.83515625 0.65625 0.090625 0.11875
2 0.178125 0.60234375 0.103125 0.10625
2 0.746875 0.3875 0.1 0.11875
4 0.26953125 0.178125 0.1 0.1296875
3 0.69609375 0.13046875 0.13125 0.15625
2 0.65625 0.61953125 0.1 0.121875
1 0.128125 0.1546875 0.1125 0.140625
2 0.653125 0.88515625 0.1140625 0.1359375
4 0.921875 0.23359375 0.121875 0.14375
4 0.50859375 0.8296875 0.1125 0.15625
1 0.9171875 0.4484375 0.096875 0.1140625