0 0.26875 0.95390625 0.165625 0.0921875
1 0.6953125 0.7921875 0.1578125 0.184375
0 0.27578125 0.74375 0.1875 0.2140625
0 0.91953125 0.65625 0.159375 0.1703125
2 0.4640625 0.1046875 0.1609375 0.171875
0 0.3046875 0.20859375 0.178125 0.2171875
2 0.4953125 0.8546875 0.1375 0.140625
2 0.57734375 0.25703125 0.15 0.153125
0 0.08828125 0.57421875 0.1765625 0.1953125
3 0.20859375 0.4703125 0.1546875 0.16875
3 0.76484375 0.1890625 0.14375 0.153125
0 0.853125 0.371875 0.1921875 0.1875
4 0.13515625 0.275 0.1265625 0.153125
3 0.67578125 0.46875 0.125 0.1421875
0 0.609375 0.06875 0.125 0.1375
3 0.11171875 0.784375 0.1359375 0.1609375
4 0.778125 0.02890625 0.125 0.0578125
3 0.04375 0.3359375 0.0875 0.1625
3 0.48984375 0.62734375 0.1359375 0.1546875
4 0.36171875 0.42890625 0.134375 0.153125