1 0.15546875 0.53984375 0.10859375 0.1234375
1 0.7390625 0.90859375 0.12578125 0.14296875
2 0.52421875 0.37578125 0.10703125 0.12109375
2 0.48671875 0.66953125 0.11171875 0.125
1 0.92578125 0.57109375 0.12109375 0.13046875
3 0.56328125 0.2171875 0.10390625 0.12265625
0 0.4921875 0.878125 0.11796875 0.1640625
2 0.1453125 0.70625 0.09140625 0.09453125
0 0.175 0.91171875 0.12734375 0.146875
0 0.91015625 0.82578125 0.1375 0.1765625
2 0.625 0.6515625 0.09453125 0.12109375
2 0.7203125 0.45703125 0.10390625 0.11640625
4 0.1671875 0.34921875 0.11953125 0.14765625
0 0.93125 0.146875 0.128125 0.1625
3 0.91015625 0.39296875 0.1078125 0.13125
2 0.34453125 0.21953125 0.09453125 0.1140625
3 0.09296875 0.11328125 0.10078125 0.12421875
1 0.3171875 0.53046875 0.0890625 0.11484375
3 0.325 0.8765625 0.11875 0.1296875
3 0.75546875 0.2453125 0.1 0.1125