0 0.84765625 0.70703125 0.1328125 0.1640625
0 0.290625 0.66015625 0.1484375 0.196875
0 0.8734375 0.9234375 0.128125 0.134375
4 0.715625 0.46640625 0.1296875 0.15
1 0.490625 0.81640625 0.109375 0.1390625
0 0.33515625 0.85 0.14375 0.15625
2 0.85 0.128125 0.1109375 0.1296875
1 0.234375 0.109375 0.1296875 0.1453125
0 0.3 0.36875 0.1453125 0.1640625
2 0.66328125 0.16015625 0.1171875 0.125
4 0.6953125 0.83671875 0.1234375 0.14375
4 0.5 0.18125 0.1234375 0.1421875
4 0.6765625 0.63515625 0.11875 0.125
1 0.859375 0.509375 0.1390625 0.153125
4 0.90859375 0.3203125 0.1015625 0.11875
4 0.1125 0.62890625 0.121875 0.1453125
3 0.4421875 0.37890625 0.1375 0.1484375
4 0.0765625 0.36328125 0.1296875 0.1390625
4 0.428125 0.5609375 0.1171875 0.1484375
4 0.14765625 0.84609375 0.134375 0.1421875