0 0.76640625 0.484375 0.1421875 0.171875
0 0.38828125 0.6171875 0.1671875 0.196875
0 0.565625 0.61328125 0.1515625 0.1953125
4 0.2734375 0.8765625 0.1390625 0.15
0 0.0875 0.128125 0.15 0.1671875
1 0.0921875 0.32109375 0.1296875 0.1421875
3 0.94140625 0.68203125 0.1171875 0.1671875
2 0.26015625 0.09296875 0.10625 0.1203125
0 0.69296875 0.08046875 0.1328125 0.1609375
4 0.47890625 0.88359375 0.1375 0.1546875
2 0.64453125 0.8 0.1171875 0.1421875
1 0.13984375 0.55390625 0.1296875 0.1421875
4 0.87421875 0.12265625 0.13125 0.1515625
3 0.7984375 0.678125 0.1453125 0.1609375
4 0.9015625 0.3609375 0.13125 0.1484375
1 0.4453125 0.19609375 0.128125 0.1546875
3 0.44921875 0.4140625 0.1359375 0.16875
4 0.2953125 0.3234375 0.13125 0.1484375
2 0.7078125 0.29765625 0.121875 0.1328125
4 0.13828125 0.91640625 0.1296875 0.15625