0 0.684375 0.9125 0.11875 0.159375
0 0.46640625 0.17890625 0.125 0.1328125
0 0.70859375 0.51875 0.128125 0.190625
0 0.55 0.734375 0.1390625 0.1828125
0 0.89609375 0.9171875 0.140625 0.1625
3 0.15859375 0.6921875 0.1171875 0.1375
3 0.86328125 0.484375 0.115625 0.15625
3 0.91171875 0.6734375 0.1171875 0.1359375
4 0.32578125 0.3546875 0.10625 0.125
3 0.04921875 0.9171875 0.0984375 0.146875
3 0.69765625 0.30390625 0.090625 0.1296875
1 0.34921875 0.70078125 0.109375 0.125
1 0.3859375 0.89375 0.115625 0.134375
2 0.31484375 0.1484375 0.1140625 0.140625
2 0.91875 0.2640625 0.1015625 0.125
2 0.078125 0.48828125 0.096875 0.10625
4 0.7109375 0.72890625 0.1125 0.1453125
4 0.6609375 0.13515625 0.1078125 0.1375
1 0.11953125 0.23203125 0.121875 0.146875
2 0.4875 0.51796875 0.10625 0.1328125