1 0.42734375 0.59765625 0.109375 0.13828125
1 0.26328125 0.55 0.115625 0.13359375
0 0.32109375 0.31953125 0.10859375 0.140625
2 0.51484375 0.390625 0.10078125 0.12109375
1 0.44296875 0.15390625 0.1140625 0.1375
4 0.153125 0.87578125 0.10234375 0.125
0 0.93671875 0.184375 0.12578125 0.12265625
0 0.65078125 0.159375 0.13359375 0.19296875
0 0.10546875 0.5484375 0.14453125 0.159375
0 0.9078125 0.90703125 0.121875 0.178125
2 0.28984375 0.88046875 0.10625 0.1375
2 0.61875 0.8734375 0.10546875 0.11796875
2 0.1140625 0.36796875 0.11171875 0.1359375
2 0.82421875 0.678125 0.10078125 0.12109375
0 0.93671875 0.43203125 0.12578125 0.14296875
0 0.68046875 0.35390625 0.10546875 0.1484375
2 0.7484375 0.871875 0.103125 0.14609375
2 0.459375 0.8078125 0.09765625 0.13515625
4 0.66484375 0.55859375 0.1203125 0.128125
3 0.159375 0.14609375 0.10234375 0.125