2 0.746875 0.34765625 0.125 0.128125
1 0.12109375 0.5046875 0.1125 0.14609375
1 0.11796875 0.69609375 0.11484375 0.13984375
1 0.93046875 0.1203125 0.1171875 0.1375
2 0.7609375 0.15078125 0.1125 0.11875
0 0.4921875 0.709375 0.12265625 0.153125
1 0.81640625 0.55703125 0.11953125 0.14453125
3 0.653125 0.77265625 0.11328125 0.1328125
3 0.53671875 0.4359375 0.109375 0.1484375
0 0.83125 0.81640625 0.12890625 0.184375
2 0.18984375 0.8875 0.0984375 0.1265625
2 0.3484375 0.403125 0.12421875 0.13984375
4 0.2859375 0.1640625 0.11328125 0.1546875
2 0.3234375 0.63046875 0.10625 0.140625
0 0.92109375 0.30703125 0.1390625 0.16015625
0 0.57890625 0.22109375 0.096875 0.146875
4 0.31875 0.88515625 0.10703125 0.14453125
2 0.4375 0.17578125 0.1015625 0.1421875
4 0.10078125 0.19140625 0.10859375 0.1375
4 0.47578125 0.90546875 0.1265625 0.1359375