0 0.07578125 0.44140625 0.1515625 0.1765625
3 0.1875 0.82578125 0.1578125 0.1734375
1 0.7453125 0.384375 0.1609375 0.1703125
2 0.6484375 0.1609375 0.1359375 0.15625
0 0.046875 0.71484375 0.09375 0.1796875
2 0.484375 0.18046875 0.1421875 0.153125
0 0.42421875 0.809375 0.1578125 0.190625
2 0.63359375 0.68671875 0.1328125 0.1421875
1 0.1765625 0.571875 0.14375 0.16875
0 0.77578125 0.93359375 0.1828125 0.1328125
0 0.9203125 0.30390625 0.159375 0.1921875
4 0.91640625 0.47265625 0.146875 0.1625
3 0.24296875 0.259375 0.153125 0.171875
4 0.83359375 0.6859375 0.1484375 0.1640625
2 0.55234375 0.425 0.146875 0.1796875
1 0.3734375 0.40078125 0.14375 0.1546875
1 0.2640625 0.06484375 0.171875 0.1296875
4 0.42109375 0.59375 0.15625 0.1796875
2 0.79609375 0.19140625 0.1421875 0.1609375
1 0.54921875 0.8890625 0.14375 0.1671875