1 0.9359375 0.6921875 0.12421875 0.14453125
1 0.365625 0.628125 0.1015625 0.12109375
1 0.89609375 0.88046875 0.12109375 0.1375
1 0.1375 0.9015625 0.12734375 0.14921875
0 0.775 0.18046875 0.109375 0.1609375
0 0.32890625 0.4125 0.153125 0.17421875
0 0.93828125 0.1390625 0.115625 0.165625
0 0.89609375 0.5125 0.14765625 0.1796875
0 0.4125 0.809375 0.146875 0.15390625
0 0.56796875 0.85390625 0.1265625 0.18203125
0 0.61171875 0.13984375 0.115625 0.184375
2 0.55546875 0.6171875 0.09296875 0.1234375
0 0.1109375 0.58125 0.128125 0.184375
2 0.715625 0.7671875 0.1109375 0.14609375
4 0.71875 0.4828125 0.1265625 0.15
4 0.9203125 0.30546875 0.10625 0.12734375
4 0.09921875 0.1421875 0.1265625 0.13828125
4 0.165625 0.3515625 0.1234375 0.14453125
4 0.525 0.31875 0.11953125 0.13046875
4 0.3625 0.17421875 0.1109375 0.11640625