0 0.8375 0.45546875 0.1671875 0.1921875
0 0.80234375 0.6421875 0.13125 0.18125
0 0.0765625 0.65234375 0.153125 0.1796875
0 0.934375 0.2484375 0.125 0.1984375
0 0.40390625 0.3015625 0.1296875 0.1671875
0 0.64375 0.63203125 0.153125 0.153125
0 0.6828125 0.4625 0.159375 0.1859375
4 0.54609375 0.1328125 0.1328125 0.1484375
0 0.8015625 0.1765625 0.1515625 0.1703125
4 0.125 0.41171875 0.1484375 0.165625
3 0.5390625 0.3375 0.1359375 0.159375
4 0.38671875 0.11875 0.13125 0.140625
2 0.5265625 0.8375 0.1234375 0.1265625
4 0.21875 0.19375 0.140625 0.153125
3 0.14296875 0.86953125 0.1421875 0.1640625
3 0.4671875 0.63203125 0.128125 0.15625
4 0.65625 0.93515625 0.140625 0.1296875
2 0.2546875 0.62109375 0.1171875 0.140625
2 0.82421875 0.9234375 0.1484375 0.153125
2 0.3640625 0.88515625 0.1234375 0.1546875