1 0.3046875 0.3640625 0.128125 0.1453125
2 0.2921875 0.65078125 0.1171875 0.1390625
0 0.490625 0.1390625 0.1671875 0.2
0 0.34921875 0.88671875 0.1671875 0.2078125
1 0.57890625 0.64921875 0.121875 0.1453125
0 0.13671875 0.8859375 0.125 0.1609375
0 0.06484375 0.2265625 0.1296875 0.203125
0 0.815625 0.65625 0.1265625 0.175
0 0.93984375 0.8375 0.1203125 0.190625
2 0.64140625 0.3109375 0.140625 0.165625
2 0.1171875 0.69296875 0.1046875 0.13125
2 0.74453125 0.4796875 0.1265625 0.15625
4 0.18515625 0.165625 0.15 0.1765625
4 0.159375 0.44375 0.125 0.1484375
2 0.7640625 0.86875 0.134375 0.175
1 0.7671875 0.1109375 0.1296875 0.159375
4 0.484375 0.4421875 0.15 0.1484375
2 0.3453125 0.14765625 0.1046875 0.1265625
4 0.8921875 0.4515625 0.1171875 0.1484375
3 0.54375 0.8140625 0.1265625 0.128125