0 0.63046875 0.565625 0.1296875 0.14140625
0 0.51875 0.3453125 0.12890625 0.140625
4 0.78515625 0.20625 0.1078125 0.13515625
3 0.91953125 0.30390625 0.1078125 0.140625
1 0.35390625 0.121875 0.12109375 0.1453125
3 0.7265625 0.38828125 0.1328125 0.17578125
4 0.19609375 0.89375 0.11875 0.128125
3 0.5296875 0.16875 0.10234375 0.1328125
1 0.17890625 0.52421875 0.11484375 0.14296875
1 0.33828125 0.43359375 0.11796875 0.14140625
4 0.1765625 0.703125 0.09921875 0.12421875
3 0.1875 0.303125 0.11953125 0.13359375
3 0.5375 0.90703125 0.11484375 0.1375
4 0.37265625 0.684375 0.11953125 0.1578125
2 0.18046875 0.1234375 0.09609375 0.134375
2 0.69296875 0.82890625 0.1140625 0.12109375
2 0.37265625 0.903125 0.11640625 0.1390625
1 0.86328125 0.8671875 0.1265625 0.1421875
2 0.92421875 0.1 0.11640625 0.14921875
2 0.93046875 0.59921875 0.0953125 0.13125