0 0.5171875 0.34140625 0.1546875 0.2
0 0.4671875 0.1046875 0.159375 0.1921875
3 0.04375 0.79140625 0.0875 0.1578125
3 0.390625 0.6640625 0.1359375 0.15625
3 0.16875 0.81953125 0.134375 0.1671875
2 0.6234375 0.10234375 0.1203125 0.1546875
1 0.89921875 0.4171875 0.1203125 0.153125
4 0.84140625 0.92265625 0.1203125 0.14375
4 0.08203125 0.478125 0.15625 0.1875
3 0.63984375 0.9328125 0.1359375 0.134375
2 0.228125 0.63671875 0.128125 0.1375
4 0.71953125 0.3421875 0.140625 0.1609375
2 0.78515625 0.12734375 0.134375 0.1421875
2 0.94609375 0.17421875 0.1078125 0.1578125
2 0.15 0.2859375 0.134375 0.1515625
4 0.33359375 0.41796875 0.13125 0.1546875
2 0.3 0.06953125 0.11875 0.1390625
1 0.3578125 0.8609375 0.1375 0.1578125
2 0.6625 0.60625 0.109375 0.1375
4 0.84609375 0.60390625 0.13125 0.14375