0 0.1703125 0.81796875 0.165625 0.1953125
0 0.325 0.35625 0.1625 0.2
0 0.55390625 0.37734375 0.14375 0.1609375
0 0.3890625 0.07578125 0.140625 0.1515625
0 0.71875 0.40078125 0.1375 0.1765625
0 0.54921875 0.1125 0.15625 0.1875
0 0.21171875 0.05 0.1484375 0.1
0 0.1140625 0.48671875 0.1859375 0.20625
0 0.88671875 0.62109375 0.1671875 0.2046875
4 0.50625 0.58125 0.1203125 0.140625
3 0.828125 0.925 0.1375 0.15
1 0.05625 0.72578125 0.1125 0.1484375
1 0.33046875 0.846875 0.140625 0.15625
1 0.17265625 0.2890625 0.128125 0.1421875
2 0.50078125 0.78671875 0.1265625 0.14375
4 0.3328125 0.6171875 0.1296875 0.1515625
2 0.64375 0.9 0.134375 0.1578125
3 0.6765625 0.7359375 0.1375 0.15625
2 0.7828125 0.2125 0.1359375 0.146875
2 0.91484375 0.29296875 0.1421875 0.171875