0 0.565625 0.68203125 0.121875 0.16171875
0 0.76796875 0.86875 0.13828125 0.171875
1 0.740625 0.12265625 0.11015625 0.13671875
4 0.1703125 0.90625 0.1234375 0.15078125
3 0.115625 0.340625 0.1203125 0.15546875
4 0.8765625 0.13203125 0.1109375 0.140625
3 0.896875 0.53359375 0.12734375 0.15390625
0 0.2734375 0.6734375 0.1296875 0.1765625
4 0.2625 0.18203125 0.10546875 0.12265625
1 0.42890625 0.88046875 0.1109375 0.1296875
4 0.43125 0.2171875 0.10390625 0.121875
3 0.5625 0.87890625 0.109375 0.14140625
2 0.58828125 0.4484375 0.1109375 0.12734375
3 0.29140625 0.46640625 0.1203125 0.1640625
2 0.86328125 0.33828125 0.11953125 0.1375
4 0.9109375 0.83515625 0.1125 0.13828125
4 0.759375 0.6640625 0.12734375 0.15234375
4 0.1171875 0.146875 0.11796875 0.140625
1 0.12265625 0.653125 0.12890625 0.1453125
4 0.5890625 0.20859375 0.13359375 0.153125