0 0.66015625 0.603125 0.1546875 0.184375
0 0.20390625 0.3203125 0.1640625 0.190625
0 0.81953125 0.58125 0.159375 0.175
0 0.1015625 0.83828125 0.14375 0.159375
0 0.36328125 0.0984375 0.1609375 0.178125
0 0.05625 0.32734375 0.1125 0.1734375
0 0.88046875 0.31796875 0.1578125 0.178125
0 0.90859375 0.759375 0.1453125 0.1875
0 0.6859375 0.084375 0.153125 0.16875
0 0.89921875 0.15625 0.1484375 0.1828125
1 0.5796875 0.8671875 0.11875 0.1421875
0 0.709375 0.25234375 0.134375 0.1484375
0 0.34921875 0.62734375 0.1375 0.178125
0 0.4328125 0.4125 0.1640625 0.1703125
1 0.12578125 0.63046875 0.1265625 0.1453125
1 0.73828125 0.82578125 0.1234375 0.15625
0 0.5359375 0.125 0.13125 0.190625
2 0.4453125 0.82734375 0.1265625 0.1421875
2 0.28515625 0.8078125 0.1234375 0.1375
4 0.09921875 0.12890625 0.121875 0.1296875