0 0.5640625 0.328125 0.1171875 0.175
1 0.9015625 0.36484375 0.140625 0.1609375
1 0.37109375 0.8734375 0.115625 0.134375
2 0.2296875 0.50703125 0.1296875 0.1359375
0 0.75234375 0.39453125 0.1375 0.1546875
2 0.06171875 0.3375 0.1234375 0.14375
0 0.36953125 0.1078125 0.15625 0.1875
0 0.5453125 0.553125 0.1484375 0.1859375
2 0.20859375 0.23359375 0.103125 0.1265625
2 0.49609375 0.090625 0.1296875 0.15
3 0.29140625 0.69296875 0.11875 0.1328125
0 0.43359375 0.328125 0.140625 0.1390625
0 0.08515625 0.53515625 0.1640625 0.1671875
0 0.775 0.82734375 0.134375 0.1953125
4 0.77734375 0.62890625 0.115625 0.14375
0 0.9359375 0.81953125 0.128125 0.1953125
3 0.61015625 0.865625 0.13125 0.14375
4 0.7609375 0.209375 0.11875 0.1359375
0 0.14765625 0.853125 0.1796875 0.2125
4 0.9453125 0.56875 0.109375 0.1375