2 0.11796875 0.12734375 0.128125 0.1234375
2 0.1203125 0.28046875 0.109375 0.1234375
1 0.68515625 0.72734375 0.134375 0.1546875
0 0.875 0.85703125 0.15625 0.209375
3 0.90703125 0.359375 0.1140625 0.1484375
3 0.94375 0.140625 0.10625 0.1375
2 0.35 0.06015625 0.125 0.1203125
0 0.51171875 0.4265625 0.175 0.1859375
1 0.45859375 0.90078125 0.1140625 0.146875
1 0.7453125 0.3171875 0.1203125 0.15625
3 0.33359375 0.340625 0.1140625 0.1421875
4 0.12265625 0.80625 0.1140625 0.140625
0 0.459375 0.6921875 0.1296875 0.1765625
3 0.30703125 0.57578125 0.121875 0.15
3 0.74296875 0.55 0.11875 0.15625
4 0.734375 0.11484375 0.140625 0.1578125
1 0.15859375 0.53359375 0.1265625 0.1359375
2 0.48125 0.1484375 0.1203125 0.153125
3 0.2859375 0.83671875 0.109375 0.1359375
1 0.91953125 0.56171875 0.1109375 0.1453125