1 0.40234375 0.9359375 0.1296875 0.128125
1 0.21328125 0.2234375 0.1265625 0.15
4 0.59453125 0.315625 0.146875 0.1640625
2 0.18671875 0.725 0.109375 0.121875
0 0.57578125 0.91796875 0.1421875 0.159375
3 0.9078125 0.82109375 0.128125 0.153125
0 0.37578125 0.12578125 0.1234375 0.178125
0 0.57578125 0.11796875 0.1546875 0.171875
2 0.759375 0.159375 0.10625 0.1265625
0 0.39921875 0.7578125 0.1484375 0.1578125
3 0.053125 0.18984375 0.10625 0.1390625
4 0.075 0.49609375 0.13125 0.159375
2 0.7375 0.86484375 0.121875 0.1375
2 0.85078125 0.42265625 0.1078125 0.1390625
1 0.23125 0.934375 0.121875 0.13125
4 0.2296875 0.4078125 0.140625 0.1671875
4 0.44375 0.52265625 0.1390625 0.159375
1 0.91640625 0.56796875 0.1234375 0.1390625
1 0.39921875 0.33359375 0.1171875 0.140625
1 0.69296875 0.5984375 0.1296875 0.1640625