0 0.43984375 0.84453125 0.1328125 0.1734375
0 0.87734375 0.37421875 0.1 0.14765625
0 0.62734375 0.675 0.13046875 0.1640625
3 0.125 0.1546875 0.1140625 0.1375
0 0.90625 0.1640625 0.14765625 0.16796875
1 0.84921875 0.8703125 0.11875 0.1421875
3 0.6671875 0.48203125 0.1203125 0.1375
2 0.7390625 0.1859375 0.09375 0.13046875
3 0.16640625 0.3421875 0.11953125 0.13046875
3 0.43671875 0.63359375 0.11328125 0.15234375
2 0.12109375 0.52578125 0.11640625 0.125
1 0.3421875 0.3328125 0.11875 0.1375
1 0.284375 0.8859375 0.10546875 0.14375
2 0.53828125 0.140625 0.1140625 0.15703125
0 0.6203125 0.859375 0.13828125 0.13359375
0 0.28125 0.12734375 0.13046875 0.146875
3 0.10078125 0.8984375 0.1015625 0.1390625
3 0.496875 0.41171875 0.12109375 0.13359375
2 0.184375 0.715625 0.10078125 0.13125
0 0.88671875 0.59609375 0.146875 0.15