0 0.76640625 0.4828125 0.12421875 0.1578125
0 0.375 0.39765625 0.146875 0.18046875
0 0.5515625 0.3796875 0.13046875 0.18046875
4 0.22890625 0.15390625 0.12265625 0.1359375
0 0.1359375 0.91953125 0.13203125 0.15234375
1 0.1171875 0.72734375 0.1140625 0.12890625
3 0.92265625 0.26484375 0.11171875 0.1546875
2 0.31171875 0.93359375 0.09296875 0.11015625
0 0.74375 0.896875 0.1140625 0.1578125
4 0.43203125 0.121875 0.12109375 0.140625
2 0.60703125 0.184375 0.1015625 0.13046875
1 0.1359375 0.490625 0.1140625 0.12890625
4 0.9171875 0.82890625 0.11484375 0.13828125
3 0.77421875 0.28671875 0.12890625 0.146875
4 0.915625 0.5890625 0.115625 0.13515625
1 0.4828125 0.80859375 0.1125 0.14140625
3 0.46015625 0.59140625 0.1171875 0.15546875
4 0.31796875 0.7 0.115625 0.1359375
2 0.73125 0.67578125 0.1078125 0.1203125
4 0.08984375 0.13046875 0.11328125 0.14375