0 0.45 0.90703125 0.121875 0.1671875
0 0.39609375 0.53125 0.13203125 0.171875
0 0.2953125 0.86328125 0.13125 0.14453125
0 0.6171875 0.72578125 0.1140625 0.13203125
0 0.4140625 0.11640625 0.109375 0.16796875
1 0.5515625 0.1234375 0.1078125 0.1328125
1 0.9015625 0.32578125 0.11875 0.1359375
3 0.14453125 0.115625 0.10625 0.14296875
1 0.8484375 0.6 0.12890625 0.13984375
3 0.6625 0.9015625 0.1125 0.1453125
4 0.725 0.13515625 0.1296875 0.15546875
4 0.11328125 0.89453125 0.10546875 0.12578125
3 0.171875 0.65 0.1109375 0.14296875
1 0.765625 0.40390625 0.10859375 0.1296875
3 0.60234375 0.44921875 0.1125 0.14375
3 0.42265625 0.3390625 0.10703125 0.13203125
3 0.45078125 0.7515625 0.1140625 0.134375
2 0.2140625 0.4140625 0.1140625 0.14609375
2 0.89765625 0.91171875 0.09609375 0.11875
4 0.9359375 0.13203125 0.12734375 0.1625