1 0.62109375 0.06484375 0.1234375 0.1296875
1 0.771875 0.79140625 0.1203125 0.1453125
4 0.39609375 0.6796875 0.1390625 0.1578125
2 0.825 0.29140625 0.1046875 0.1171875
0 0.44609375 0.07890625 0.134375 0.153125
3 0.109375 0.1578125 0.1203125 0.146875
0 0.6046875 0.88046875 0.1140625 0.171875
0 0.4046875 0.878125 0.146875 0.165625
2 0.22265625 0.8265625 0.1 0.121875
0 0.6140625 0.24765625 0.1421875 0.15
3 0.9328125 0.8328125 0.10625 0.134375
4 0.92421875 0.52578125 0.1234375 0.153125
2 0.28203125 0.12265625 0.115625 0.13125
2 0.1453125 0.55859375 0.1 0.134375
1 0.790625 0.07109375 0.115625 0.1421875
4 0.76484375 0.60625 0.1328125 0.1609375
4 0.55703125 0.4796875 0.13125 0.153125
1 0.08828125 0.41015625 0.1171875 0.1328125
1 0.5921875 0.67109375 0.109375 0.1359375
1 0.3125 0.39140625 0.121875 0.1578125