0 0.38359375 0.64453125 0.159375 0.2
1 0.37578125 0.8625 0.1390625 0.1671875
4 0.11796875 0.69140625 0.1421875 0.1546875
4 0.74140625 0.85078125 0.1421875 0.1609375
3 0.11328125 0.19453125 0.1265625 0.14375
4 0.88359375 0.3328125 0.153125 0.1703125
0 0.1609375 0.40703125 0.1546875 0.19375
1 0.76328125 0.071875 0.1421875 0.14375
4 0.73359375 0.6234375 0.1125 0.1296875
3 0.7015625 0.26171875 0.1453125 0.1625
1 0.52578125 0.0765625 0.1296875 0.14375
4 0.71484375 0.4515625 0.13125 0.146875
4 0.1890625 0.90546875 0.1453125 0.1671875
1 0.5484375 0.59921875 0.125 0.1609375
2 0.94609375 0.85 0.1078125 0.153125
2 0.31171875 0.16953125 0.13125 0.1546875
3 0.51484375 0.2703125 0.134375 0.153125
1 0.95390625 0.63984375 0.0921875 0.1609375
4 0.35390625 0.41796875 0.140625 0.1546875
4 0.54921875 0.92109375 0.15 0.1578125