1 0.71328125 0.41953125 0.1390625 0.1484375
1 0.07109375 0.725 0.121875 0.1484375
3 0.5546875 0.603125 0.1484375 0.165625
2 0.9640625 0.1671875 0.071875 0.15
4 0.38359375 0.40390625 0.1453125 0.1578125
0 0.43515625 0.18984375 0.1453125 0.1734375
2 0.6 0.22578125 0.11875 0.1375
2 0.85546875 0.13671875 0.134375 0.1484375
0 0.1359375 0.5546875 0.146875 0.15625
0 0.3953125 0.590625 0.1796875 0.2109375
2 0.73046875 0.6984375 0.11875 0.1453125
0 0.5609375 0.3875 0.1421875 0.16875
3 0.6328125 0.86328125 0.13125 0.15625
3 0.8765625 0.37265625 0.1203125 0.1359375
0 0.89375 0.76796875 0.14375 0.178125
2 0.19296875 0.06875 0.1328125 0.1375
1 0.88984375 0.6 0.1421875 0.1703125
4 0.85078125 0.93125 0.1515625 0.1375
1 0.240625 0.31328125 0.1296875 0.1546875