1 0.50546875 0.909375 0.12109375 0.15
1 0.76640625 0.8296875 0.11875 0.15
1 0.36171875 0.665625 0.103125 0.12421875
1 0.94140625 0.49453125 0.10859375 0.13203125
1 0.32265625 0.4265625 0.11015625 0.13359375
1 0.16640625 0.8125 0.11953125 0.128125
1 0.93046875 0.8984375 0.10234375 0.12890625
0 0.73203125 0.27421875 0.11640625 0.12421875
3 0.56640625 0.7125 0.10703125 0.1234375
0 0.54765625 0.18125 0.14453125 0.15390625
0 0.921875 0.7 0.13046875 0.146875
3 0.11015625 0.20625 0.10625 0.14453125
0 0.6390625 0.50078125 0.12109375 0.13515625
0 0.3484375 0.8984375 0.1265625 0.15390625
4 0.89453125 0.2859375 0.125 0.13125
3 0.46171875 0.42265625 0.115625 0.1390625
3 0.884375 0.11640625 0.11015625 0.12578125
2 0.790625 0.50234375 0.090625 0.11640625
4 0.1546875 0.52578125 0.11875 0.14765625