1 0.60234375 0.63828125 0.13125 0.146875
1 0.4296875 0.37421875 0.1359375 0.1703125
3 0.084375 0.12421875 0.1296875 0.1609375
4 0.1046875 0.82578125 0.1265625 0.13125
3 0.87890625 0.7265625 0.13125 0.1671875
2 0.44453125 0.66953125 0.1171875 0.1234375
0 0.140625 0.31875 0.1453125 0.171875
0 0.859375 0.21015625 0.15 0.18125
3 0.73203125 0.38046875 0.1328125 0.1625
4 0.696875 0.84921875 0.140625 0.165625
0 0.56015625 0.36484375 0.1609375 0.171875
0 0.2453125 0.70859375 0.146875 0.178125
1 0.88046875 0.05234375 0.1171875 0.1046875
0 0.5953125 0.16328125 0.1453125 0.18125
2 0.325 0.884375 0.115625 0.140625
4 0.42734375 0.16328125 0.140625 0.175
4 0.26875 0.1234375 0.1484375 0.1703125
2 0.48671875 0.87734375 0.103125 0.1375
2 0.1921875 0.5046875 0.1296875 0.1609375
3 0.91015625 0.49765625 0.11875 0.146875