0 0.43359375 0.65546875 0.16875 0.1921875
0 0.1109375 0.575 0.1578125 0.184375
0 0.5796875 0.878125 0.159375 0.1828125
0 0.93828125 0.45234375 0.1234375 0.1734375
1 0.30859375 0.47109375 0.1296875 0.165625
3 0.93046875 0.17578125 0.1390625 0.1765625
3 0.42734375 0.8625 0.1359375 0.1515625
3 0.453125 0.28046875 0.1375 0.1609375
3 0.73046875 0.65859375 0.140625 0.16875
3 0.0546875 0.7546875 0.109375 0.134375
3 0.278125 0.678125 0.1390625 0.1625
2 0.1453125 0.24375 0.1375 0.1453125
4 0.84921875 0.9046875 0.1484375 0.1765625
3 0.27109375 0.275 0.1171875 0.1421875
2 0.7765625 0.44765625 0.11875 0.1390625
2 0.26796875 0.065625 0.1328125 0.13125
1 0.89921875 0.69765625 0.140625 0.1484375
4 0.41640625 0.07578125 0.1515625 0.1515625
4 0.6546875 0.128125 0.1546875 0.175
4 0.58515625 0.45625 0.1484375 0.1828125