1 0.0953125 0.43828125 0.1109375 0.1328125
1 0.0796875 0.85859375 0.121875 0.153125
1 0.54921875 0.74765625 0.1078125 0.1375
1 0.059375 0.24453125 0.103125 0.134375
0 0.221875 0.903125 0.125 0.1578125
0 0.8125 0.30859375 0.115625 0.1484375
0 0.2328125 0.35078125 0.1296875 0.146875
0 0.27109375 0.11953125 0.125 0.125
3 0.47890625 0.54453125 0.1046875 0.1328125
0 0.83359375 0.88125 0.1359375 0.1625
2 0.38203125 0.85625 0.1109375 0.1453125
4 0.075 0.6453125 0.1109375 0.121875
1 0.421875 0.32265625 0.1171875 0.1546875
4 0.65625 0.31484375 0.121875 0.1453125
4 0.6890625 0.51953125 0.121875 0.14375
2 0.5890625 0.125 0.109375 0.15625
1 0.33515625 0.61875 0.1140625 0.1484375
4 0.83984375 0.11875 0.10625 0.11875
1 0.88984375 0.509375 0.115625 0.1375
4 0.4515625 0.13203125 0.1 0.140625