1 0.9 0.39296875 0.10390625 0.1125
0 0.75859375 0.35703125 0.12578125 0.13359375
0 0.6234375 0.8890625 0.134375 0.15625
0 0.14921875 0.7015625 0.1421875 0.159375
3 0.79609375 0.91796875 0.11171875 0.14921875
2 0.078125 0.909375 0.10546875 0.13125
0 0.72734375 0.52578125 0.11796875 0.14609375
2 0.40390625 0.63125 0.11328125 0.12578125
0 0.58515625 0.56953125 0.1359375 0.18203125
2 0.36875 0.92890625 0.115625 0.1359375
0 0.22578125 0.31953125 0.13671875 0.134375
3 0.55 0.128125 0.121875 0.13125
2 0.8828125 0.66640625 0.115625 0.11484375
4 0.13359375 0.121875 0.115625 0.1515625
4 0.334375 0.12890625 0.10703125 0.1234375
1 0.2234375 0.49921875 0.11953125 0.1296875
4 0.93828125 0.203125 0.11953125 0.13359375
1 0.71328125 0.12890625 0.109375 0.13671875
4 0.5546875 0.31796875 0.1203125 0.1328125
4 0.3984375 0.4421875 0.12109375 0.13125