1 0.93515625 0.5921875 0.1109375 0.1328125
1 0.46796875 0.896875 0.10390625 0.1296875
2 0.4171875 0.70390625 0.0984375 0.1171875
0 0.73046875 0.371875 0.13125 0.14765625
1 0.3125 0.47890625 0.11328125 0.13984375
3 0.1234375 0.54375 0.1125 0.1375
2 0.7671875 0.66328125 0.11796875 0.1328125
2 0.9203125 0.84375 0.10625 0.1203125
2 0.67890625 0.903125 0.10703125 0.12265625
2 0.55078125 0.4625 0.13125 0.1546875
3 0.0734375 0.8984375 0.1078125 0.1203125
2 0.271875 0.8609375 0.09921875 0.12890625
0 0.24609375 0.13984375 0.13359375 0.1828125
4 0.68984375 0.1890625 0.11953125 0.15078125
4 0.82109375 0.1375 0.11484375 0.13828125
4 0.51640625 0.17890625 0.12421875 0.14375
4 0.59296875 0.65390625 0.10859375 0.1203125
1 0.9 0.31796875 0.11875 0.128125
1 0.08515625 0.13984375 0.10546875 0.15
3 0.171875 0.359375 0.10390625 0.10546875