1 0.76796875 0.4328125 0.10703125 0.14140625
1 0.59609375 0.415625 0.109375 0.134375
0 0.3203125 0.60859375 0.1078125 0.12890625
0 0.11953125 0.6171875 0.14375 0.18046875
0 0.190625 0.128125 0.13203125 0.18125
0 0.559375 0.2109375 0.12421875 0.134375
0 0.628125 0.63828125 0.128125 0.1796875
2 0.496875 0.91953125 0.1109375 0.11875
2 0.9140625 0.16796875 0.1125 0.1234375
3 0.65078125 0.86328125 0.10546875 0.13671875
3 0.43203125 0.38046875 0.1109375 0.12578125
3 0.4453125 0.61953125 0.12421875 0.15234375
4 0.4109375 0.12890625 0.125 0.13203125
3 0.76484375 0.1984375 0.103125 0.13359375
1 0.784375 0.628125 0.11875 0.13203125
4 0.9390625 0.45546875 0.115625 0.146875
4 0.85390625 0.821875 0.11875 0.1203125
4 0.22890625 0.92578125 0.11484375 0.140625
0 0.1078125 0.41484375 0.12734375 0.16875
4 0.27578125 0.31484375 0.109375 0.125