0 0.96875 0.7140625 0.0625 0.18125
0 0.0421875 0.2359375 0.084375 0.203125
0 0.40625 0.8109375 0.1546875 0.1875
0 0.121875 0.7265625 0.16875 0.1671875
0 0.928125 0.54375 0.14375 0.1875
1 0.11171875 0.44765625 0.1359375 0.1578125
3 0.259375 0.8390625 0.15 0.1609375
0 0.4421875 0.240625 0.15 0.1734375
0 0.3078125 0.37109375 0.1796875 0.21875
4 0.5859375 0.84921875 0.1484375 0.16875
0 0.79921875 0.55390625 0.171875 0.1984375
3 0.44375 0.55703125 0.1484375 0.1671875
4 0.9046875 0.31640625 0.1328125 0.1515625
3 0.28203125 0.64140625 0.134375 0.15625
4 0.61171875 0.45234375 0.1453125 0.159375
4 0.79921875 0.03359375 0.1453125 0.0671875
3 0.83984375 0.759375 0.128125 0.1359375
4 0.140625 0.221875 0.14375 0.159375
3 0.72890625 0.27578125 0.140625 0.15
4 0.63359375 0.10078125 0.140625 0.1703125