0 0.0890625 0.290625 0.146875 0.1890625
0 0.23125 0.08984375 0.165625 0.1796875
0 0.409375 0.47734375 0.121875 0.1609375
2 0.69296875 0.4875 0.1015625 0.1421875
3 0.709375 0.10078125 0.1375 0.1484375
4 0.86171875 0.7140625 0.13125 0.146875
1 0.0640625 0.50546875 0.128125 0.1671875
1 0.72421875 0.72265625 0.1171875 0.1515625
1 0.05390625 0.72421875 0.1078125 0.1578125
2 0.26015625 0.45546875 0.1328125 0.1484375
3 0.90625 0.15234375 0.140625 0.1734375
3 0.55 0.4734375 0.1359375 0.1546875
1 0.60859375 0.871875 0.1125 0.1359375
1 0.45625 0.18359375 0.1328125 0.16875
1 0.9109375 0.4953125 0.146875 0.16875
3 0.2296875 0.7453125 0.121875 0.134375
2 0.55859375 0.68984375 0.11875 0.13125
3 0.7828125 0.9203125 0.140625 0.159375
4 0.70703125 0.28828125 0.128125 0.1453125
2 0.4046875 0.83125 0.1328125 0.1421875