0 0.0484375 0.23203125 0.096875 0.1703125
1 0.584375 0.16953125 0.1390625 0.146875
3 0.75703125 0.8265625 0.140625 0.1703125
3 0.47734375 0.390625 0.1453125 0.1671875
0 0.4671875 0.62734375 0.15625 0.1515625
0 0.7953125 0.1078125 0.1625 0.178125
0 0.22890625 0.94375 0.1703125 0.1125
0 0.3171875 0.4109375 0.146875 0.1765625
3 0.89765625 0.3625 0.1515625 0.1671875
0 0.2 0.5921875 0.1453125 0.1875
0 0.40859375 0.15859375 0.140625 0.16875
0 0.88203125 0.62109375 0.1640625 0.196875
0 0.63515625 0.37421875 0.1703125 0.196875
0 0.23046875 0.8015625 0.1515625 0.1796875
2 0.16171875 0.41796875 0.1375 0.1578125
3 0.71484375 0.55 0.15 0.1640625
3 0.95703125 0.81640625 0.0859375 0.1578125
4 0.234375 0.184375 0.1390625 0.159375
2 0.40859375 0.88046875 0.1296875 0.1625
4 0.5734375 0.8671875 0.1578125 0.184375