1 0.10859375 0.7140625 0.12421875 0.13984375
2 0.5859375 0.88046875 0.0875 0.1
1 0.2734375 0.253125 0.1109375 0.125
3 0.4296875 0.8828125 0.1125 0.1515625
0 0.803125 0.159375 0.13046875 0.1421875
3 0.82578125 0.66328125 0.103125 0.1421875
2 0.76953125 0.9109375 0.11015625 0.13671875
2 0.4640625 0.109375 0.0984375 0.11875
0 0.4921875 0.68515625 0.121875 0.153125
3 0.096875 0.14765625 0.10625 0.115625
0 0.12578125 0.89921875 0.1203125 0.13203125
2 0.753125 0.4171875 0.12109375 0.12578125
0 0.346875 0.659375 0.1296875 0.15703125
0 0.27734375 0.85546875 0.11875 0.159375
0 0.63984375 0.17109375 0.12578125 0.14453125
0 0.65859375 0.634375 0.14375 0.165625
3 0.45859375 0.3328125 0.10625 0.14453125
3 0.95078125 0.925 0.0984375 0.1453125
3 0.115625 0.47265625 0.0953125 0.12421875
4 0.91484375 0.37421875 0.11953125 0.134375