1 0.51171875 0.1734375 0.11015625 0.13359375
1 0.11640625 0.4265625 0.11875 0.140625
0 0.33984375 0.1734375 0.1375 0.1578125
0 0.896875 0.35390625 0.11171875 0.14453125
2 0.71328125 0.6828125 0.10546875 0.1234375
1 0.1515625 0.6515625 0.11640625 0.13359375
2 0.40390625 0.92265625 0.12421875 0.13203125
0 0.28046875 0.35625 0.12421875 0.14453125
3 0.71171875 0.33203125 0.11015625 0.1375
0 0.521875 0.69453125 0.1453125 0.1828125
1 0.8328125 0.121875 0.0953125 0.1203125
0 0.55234375 0.8859375 0.1171875 0.15546875
0 0.69609375 0.13671875 0.115625 0.1875
3 0.1234375 0.92421875 0.11953125 0.1296875
2 0.76015625 0.8703125 0.09296875 0.1296875
3 0.85 0.6 0.11484375 0.14453125
4 0.17578125 0.11875 0.1125 0.14296875
4 0.4984375 0.4671875 0.11796875 0.1390625
4 0.934375 0.91015625 0.12421875 0.159375
2 0.3359375 0.72734375 0.09296875 0.12734375