3 0.27265625 0.12265625 0.09609375 0.1234375
2 0.55625 0.896875 0.0890625 0.109375
0 0.7375 0.19140625 0.15546875 0.16796875
1 0.43125 0.11875 0.11640625 0.13828125
0 0.63203125 0.51640625 0.1296875 0.1953125
0 0.290625 0.409375 0.14140625 0.1640625
0 0.134375 0.6203125 0.1140625 0.18828125
4 0.125 0.13984375 0.12265625 0.1359375
0 0.746875 0.8796875 0.1140625 0.15546875
2 0.925 0.1703125 0.11875 0.1484375
3 0.09453125 0.3703125 0.1140625 0.140625
1 0.81640625 0.671875 0.11328125 0.1328125
2 0.2734375 0.87578125 0.10859375 0.1390625
0 0.40078125 0.721875 0.12421875 0.16484375
1 0.5609375 0.7328125 0.10703125 0.1390625
1 0.10859375 0.846875 0.12890625 0.1390625
2 0.58515625 0.340625 0.09609375 0.12890625
0 0.43828125 0.5375 0.14296875 0.15703125
4 0.91875 0.9046875 0.12734375 0.13359375
1 0.85234375 0.4625 0.1140625 0.12734375