0 0.5390625 0.60859375 0.1859375 0.196875
0 0.9390625 0.734375 0.121875 0.21875
0 0.38671875 0.91796875 0.1796875 0.1640625
0 0.56484375 0.284375 0.18125 0.209375
0 0.3703125 0.71875 0.1671875 0.178125
3 0.75 0.51328125 0.1421875 0.15625
3 0.378125 0.225 0.140625 0.178125
3 0.43828125 0.4203125 0.134375 0.146875
3 0.046875 0.26875 0.09375 0.171875
1 0.76640625 0.728125 0.1515625 0.1734375
3 0.24765625 0.42265625 0.159375 0.1796875
4 0.73125 0.05703125 0.15625 0.1140625
3 0.71953125 0.28359375 0.1515625 0.1671875
3 0.2140625 0.95546875 0.134375 0.0890625
3 0.1546875 0.16171875 0.1375 0.165625
1 0.86953125 0.24453125 0.1515625 0.1703125
3 0.63671875 0.81015625 0.1375 0.1609375
2 0.93125 0.546875 0.1265625 0.15
3 0.1125 0.59765625 0.1640625 0.171875
3 0.5015625 0.09765625 0.159375 0.1640625