1 0.34140625 0.30703125 0.1109375 0.14375
1 0.2578125 0.64140625 0.11875 0.14375
1 0.7328125 0.19296875 0.1296875 0.1421875
2 0.49609375 0.22734375 0.1109375 0.1421875
0 0.29765625 0.09296875 0.1546875 0.171875
3 0.6328125 0.45234375 0.1125 0.1453125
2 0.52265625 0.85 0.1140625 0.134375
2 0.4703125 0.47734375 0.1 0.125
2 0.096875 0.47265625 0.1125 0.1234375
2 0.9078125 0.88203125 0.0953125 0.103125
3 0.8859375 0.14296875 0.1125 0.1390625
0 0.09609375 0.6796875 0.11875 0.1609375
3 0.715625 0.778125 0.1109375 0.1359375
3 0.88515625 0.690625 0.1078125 0.1640625
4 0.8296875 0.465625 0.1171875 0.15
0 0.08203125 0.0921875 0.14375 0.159375
4 0.42734375 0.67890625 0.10625 0.1203125
3 0.153125 0.31484375 0.1140625 0.1125
4 0.36015625 0.87734375 0.1234375 0.153125
4 0.171875 0.8953125 0.134375 0.171875