2 0.121875 0.49921875 0.1359375 0.146875
1 0.59765625 0.63125 0.1421875 0.159375
3 0.26484375 0.47734375 0.13125 0.1671875
4 0.7765625 0.04765625 0.13125 0.0953125
1 0.384375 0.3203125 0.134375 0.15625
2 0.6375 0.86328125 0.1296875 0.14375
0 0.93203125 0.50859375 0.1359375 0.1703125
2 0.72734375 0.5734375 0.140625 0.153125
4 0.575 0.3609375 0.140625 0.1609375
0 0.8921875 0.21328125 0.134375 0.1484375
4 0.74375 0.328125 0.1421875 0.1609375
4 0.33515625 0.103125 0.1484375 0.1625
2 0.13125 0.20234375 0.134375 0.159375
2 0.5625 0.06484375 0.128125 0.1296875
2 0.96328125 0.74296875 0.0734375 0.1671875
4 0.4109375 0.653125 0.146875 0.16875
2 0.40390625 0.890625 0.1375 0.1703125
3 0.83515625 0.771875 0.1375 0.1703125
1 0.25078125 0.72890625 0.1484375 0.171875
3 0.2328125 0.91796875 0.1359375 0.1609375