1 0.740625 0.7609375 0.14375 0.1640625
0 0.7859375 0.37265625 0.146875 0.1609375
3 0.25859375 0.86875 0.1296875 0.153125
0 0.58359375 0.5640625 0.153125 0.1875
4 0.96640625 0.2046875 0.0671875 0.140625
3 0.81796875 0.95234375 0.1140625 0.0953125
2 0.834375 0.58203125 0.13125 0.1484375
0 0.578125 0.35703125 0.14375 0.175
0 0.93828125 0.4 0.1234375 0.190625
0 0.87734375 0.7703125 0.1671875 0.1953125
3 0.15390625 0.178125 0.1328125 0.14375
0 0.2859375 0.6734375 0.1375 0.165625
2 0.8265625 0.203125 0.1046875 0.13125
1 0.60859375 0.1375 0.140625 0.1671875
2 0.46875 0.73515625 0.1203125 0.1453125
4 0.08828125 0.4984375 0.1359375 0.1640625
4 0.07421875 0.8203125 0.1375 0.1640625
1 0.290625 0.34921875 0.134375 0.1625
4 0.65859375 0.934375 0.1265625 0.13125
4 0.41796875 0.165625 0.1546875 0.165625