1 0.31015625 0.75 0.1375 0.1578125
1 0.1546875 0.934375 0.134375 0.13125
2 0.2296875 0.5265625 0.1171875 0.121875
3 0.9296875 0.6296875 0.1328125 0.1640625
0 0.89921875 0.85390625 0.1328125 0.1640625
2 0.33828125 0.9515625 0.1296875 0.096875
2 0.5203125 0.9421875 0.115625 0.115625
0 0.196875 0.2015625 0.15625 0.1875
0 0.05390625 0.25859375 0.1078125 0.1796875
3 0.80546875 0.4265625 0.1265625 0.1421875
4 0.12578125 0.71171875 0.1484375 0.1578125
3 0.39453125 0.11796875 0.128125 0.1578125
2 0.38125 0.40625 0.1484375 0.1765625
3 0.5859375 0.35234375 0.128125 0.140625
1 0.71484375 0.840625 0.140625 0.16875
2 0.75703125 0.6515625 0.1328125 0.15
2 0.06171875 0.52734375 0.1234375 0.1578125
4 0.73828125 0.1890625 0.1484375 0.1640625
4 0.54375 0.11640625 0.15 0.1875
3 0.47421875 0.73046875 0.1390625 0.146875