1 0.1140625 0.3109375 0.12421875 0.134375
2 0.7375 0.87421875 0.1140625 0.12265625
0 0.54296875 0.353125 0.1171875 0.16328125
2 0.69375 0.54453125 0.11015625 0.1203125
1 0.9265625 0.8625 0.1265625 0.14140625
1 0.153125 0.1046875 0.11875 0.15390625
1 0.39375 0.9171875 0.1140625 0.13359375
0 0.478125 0.59140625 0.11953125 0.18203125
2 0.940625 0.43515625 0.1078125 0.12265625
2 0.0890625 0.69140625 0.10390625 0.10390625
3 0.32421875 0.41328125 0.103125 0.11953125
3 0.92578125 0.6515625 0.10078125 0.13359375
3 0.8546875 0.103125 0.11875 0.15234375
2 0.6015625 0.8078125 0.0953125 0.11875
3 0.5890625 0.1515625 0.0921875 0.12578125
4 0.2546875 0.7140625 0.1171875 0.153125
3 0.234375 0.92734375 0.10546875 0.11796875
0 0.31328125 0.10703125 0.125 0.165625
4 0.1609375 0.5015625 0.1109375 0.13671875
4 0.70390625 0.36484375 0.11328125 0.125