1 0.86953125 0.6328125 0.1265625 0.159375
0 0.4875 0.14375 0.146875 0.171875
0 0.6625 0.0890625 0.1421875 0.1453125
0 0.71640625 0.7265625 0.1546875 0.1765625
2 0.47578125 0.8359375 0.13125 0.14375
1 0.89453125 0.86015625 0.134375 0.153125
3 0.59921875 0.5578125 0.125 0.146875
0 0.29921875 0.05546875 0.1296875 0.1109375
2 0.9578125 0.14140625 0.084375 0.1578125
1 0.2984375 0.49375 0.125 0.14375
4 0.171875 0.2796875 0.115625 0.125
4 0.0875 0.571875 0.1328125 0.153125
4 0.340625 0.2359375 0.1265625 0.146875
0 0.83125 0.13359375 0.1203125 0.165625
1 0.57265625 0.3375 0.1421875 0.1609375
3 0.1484375 0.06953125 0.134375 0.1390625
2 0.33125 0.79296875 0.10625 0.134375
4 0.4671875 0.51484375 0.1359375 0.1484375
4 0.803125 0.33984375 0.1265625 0.1515625
3 0.11015625 0.7671875 0.128125 0.159375