1 0.41484375 0.29765625 0.1390625 0.1640625
0 0.38984375 0.10703125 0.1453125 0.1609375
1 0.56875 0.3578125 0.1359375 0.1453125
1 0.84609375 0.18984375 0.13125 0.1609375
0 0.3140625 0.59765625 0.1734375 0.1875
1 0.953125 0.29921875 0.09375 0.1359375
3 0.175 0.2703125 0.1296875 0.1546875
0 0.6890625 0.63671875 0.1765625 0.209375
2 0.73046875 0.41875 0.1046875 0.11875
4 0.28515625 0.79609375 0.128125 0.1484375
2 0.4296875 0.8390625 0.1328125 0.153125
0 0.8953125 0.58828125 0.140625 0.18125
0 0.609375 0.859375 0.1578125 0.1765625
2 0.815625 0.9390625 0.11875 0.121875
4 0.078125 0.84765625 0.1359375 0.1578125
4 0.5234375 0.53671875 0.140625 0.1578125
3 0.19453125 0.07265625 0.1421875 0.1453125
2 0.09765625 0.43515625 0.1453125 0.1734375
2 0.12578125 0.6625 0.1390625 0.1578125
3 0.66015625 0.1671875 0.1421875 0.159375