0 0.7734375 0.87265625 0.1671875 0.1765625
0 0.20625 0.15078125 0.146875 0.184375
2 0.56328125 0.91015625 0.115625 0.134375
0 0.90703125 0.7390625 0.1421875 0.1625
2 0.18671875 0.9328125 0.1203125 0.134375
0 0.92421875 0.3015625 0.1390625 0.190625
3 0.88515625 0.10859375 0.1265625 0.146875
0 0.54453125 0.11640625 0.1140625 0.1484375
0 0.725 0.234375 0.1390625 0.178125
0 0.73203125 0.48203125 0.1453125 0.1671875
3 0.38203125 0.8859375 0.11875 0.128125
0 0.54296875 0.496875 0.1390625 0.16875
4 0.384375 0.42421875 0.1171875 0.1375
0 0.20859375 0.6015625 0.134375 0.20625
0 0.38125 0.23359375 0.1328125 0.190625
4 0.55625 0.71328125 0.1140625 0.1234375
2 0.91015625 0.5578125 0.1171875 0.1515625
2 0.378125 0.67578125 0.1140625 0.1546875
4 0.06875 0.39375 0.13125 0.159375
4 0.5828125 0.3078125 0.1203125 0.1375