1 0.45703125 0.44296875 0.115625 0.15
1 0.62109375 0.0734375 0.103125 0.1234375
1 0.2875 0.3375 0.1125 0.1375
0 0.91484375 0.26875 0.125 0.18125
2 0.05 0.31171875 0.09375 0.1125
0 0.503125 0.80078125 0.1328125 0.13125
3 0.1640625 0.8625 0.103125 0.1265625
0 0.096875 0.0953125 0.1234375 0.16875
0 0.35078125 0.8828125 0.1453125 0.14375
1 0.81015625 0.44765625 0.103125 0.121875
2 0.878125 0.815625 0.1265625 0.134375
4 0.29453125 0.08203125 0.1140625 0.15
2 0.6328125 0.60546875 0.0984375 0.128125
2 0.49921875 0.628125 0.109375 0.1359375
3 0.75390625 0.25703125 0.10625 0.13125
4 0.48046875 0.15703125 0.103125 0.1390625
2 0.721875 0.83359375 0.0875 0.1203125
4 0.9203125 0.640625 0.1171875 0.125
0 0.3390625 0.6578125 0.146875 0.1625