3 0.5046875 0.909375 0.128125 0.1375
1 0.20234375 0.50703125 0.1390625 0.146875
0 0.30859375 0.71328125 0.1625 0.20625
0 0.5734375 0.27578125 0.14375 0.203125
1 0.72421875 0.17421875 0.1359375 0.15
3 0.58125 0.49140625 0.125 0.1453125
2 0.4046875 0.43203125 0.1296875 0.1515625
0 0.13359375 0.73515625 0.165625 0.171875
0 0.04296875 0.23359375 0.0859375 0.2109375
2 0.33671875 0.94296875 0.1328125 0.1140625
0 0.32109375 0.1921875 0.1484375 0.196875
0 0.45078125 0.6796875 0.140625 0.171875
0 0.94140625 0.8046875 0.1171875 0.190625
4 0.175 0.946875 0.140625 0.10625
2 0.790625 0.76953125 0.128125 0.1578125
1 0.165625 0.203125 0.1515625 0.1671875
3 0.0609375 0.57734375 0.1203125 0.1453125
1 0.5265625 0.1234375 0.14375 0.1421875
1 0.6390625 0.7859375 0.1421875 0.171875
1 0.84453125 0.47109375 0.128125 0.1484375