1 0.3375 0.121875 0.128125 0.1390625
3 0.615625 0.3984375 0.146875 0.1703125
3 0.38671875 0.68125 0.1390625 0.1640625
3 0.4640625 0.8765625 0.1546875 0.16875
3 0.55703125 0.121875 0.14375 0.1625
1 0.22890625 0.9265625 0.1515625 0.146875
3 0.81875 0.83984375 0.1390625 0.1671875
2 0.0609375 0.45546875 0.1203125 0.1421875
2 0.15 0.234375 0.140625 0.165625
0 0.03515625 0.24453125 0.0703125 0.1953125
3 0.11328125 0.73515625 0.15 0.1765625
3 0.77578125 0.6140625 0.1421875 0.153125
2 0.6140625 0.8640625 0.14375 0.1640625
2 0.603125 0.6640625 0.1375 0.146875
2 0.73984375 0.134375 0.15625 0.171875
2 0.83515625 0.41015625 0.14375 0.1578125
3 0.3796875 0.2890625 0.134375 0.1484375
4 0.309375 0.5125 0.1421875 0.1625
3 0.9375 0.6703125 0.125 0.159375
4 0.50078125 0.46953125 0.1421875 0.175