1 0.86796875 0.921875 0.1453125 0.15625
3 0.65 0.57265625 0.1203125 0.14375
3 0.45390625 0.81640625 0.14375 0.1578125
2 0.8140625 0.171875 0.134375 0.14375
2 0.5921875 0.16953125 0.1296875 0.1421875
2 0.63515625 0.75625 0.121875 0.146875
2 0.7796875 0.35078125 0.1375 0.140625
2 0.92734375 0.53359375 0.1265625 0.1515625
0 0.3359375 0.5359375 0.171875 0.196875
2 0.05625 0.8109375 0.1125 0.153125
0 0.125 0.6140625 0.1421875 0.1984375
2 0.190625 0.803125 0.1234375 0.1515625
2 0.95390625 0.284375 0.0921875 0.134375
2 0.703125 0.9453125 0.125 0.109375
0 0.86796875 0.71484375 0.16875 0.18125
4 0.3109375 0.30078125 0.1390625 0.1640625
3 0.1765625 0.36484375 0.121875 0.1328125
4 0.425 0.153125 0.134375 0.159375
4 0.4890625 0.50703125 0.115625 0.1421875
4 0.275 0.1171875 0.125 0.134375