0 0.23828125 0.13671875 0.140625 0.18125
0 0.79609375 0.81640625 0.1484375 0.1515625
4 0.046875 0.22890625 0.09375 0.1703125
0 0.71015625 0.46953125 0.1671875 0.1953125
0 0.86796875 0.4046875 0.175 0.190625
0 0.0828125 0.4125 0.165625 0.19375
0 0.784375 0.05625 0.1625 0.1125
1 0.63671875 0.8 0.1328125 0.1515625
4 0.19375 0.87578125 0.13125 0.146875
4 0.6828125 0.22734375 0.1375 0.14375
4 0.38046875 0.83984375 0.140625 0.1640625
4 0.93515625 0.7125 0.1296875 0.15
4 0.1015625 0.68359375 0.1515625 0.1609375
2 0.85078125 0.22109375 0.1453125 0.1578125
4 0.621875 0.071875 0.140625 0.14375
1 0.23984375 0.3859375 0.1234375 0.1484375
3 0.55859375 0.59140625 0.1546875 0.165625
3 0.4546875 0.09765625 0.134375 0.14375
4 0.39453125 0.34140625 0.159375 0.178125
2 0.30625 0.56953125 0.128125 0.1515625