0 0.23515625 0.64609375 0.134375 0.1875
4 0.8359375 0.68671875 0.1328125 0.1578125
3 0.253125 0.85859375 0.1125 0.13125
4 0.071875 0.52109375 0.115625 0.1375
1 0.08046875 0.359375 0.128125 0.14375
1 0.38828125 0.3296875 0.1140625 0.153125
1 0.61640625 0.2515625 0.10625 0.128125
2 0.39765625 0.53984375 0.0984375 0.1171875
1 0.38984375 0.0984375 0.125 0.1546875
4 0.23125 0.3484375 0.121875 0.1453125
2 0.23203125 0.1546875 0.11875 0.1296875
3 0.40234375 0.8484375 0.109375 0.13125
4 0.8265625 0.1125 0.1234375 0.1421875
2 0.84609375 0.8859375 0.1109375 0.1296875
2 0.5671875 0.45390625 0.11875 0.121875
3 0.625 0.86640625 0.11875 0.15
2 0.6 0.70234375 0.115625 0.109375
4 0.07734375 0.11015625 0.1 0.1234375
2 0.775 0.43671875 0.1203125 0.1390625
2 0.09921875 0.8765625 0.121875 0.153125