1 0.48984375 0.32734375 0.1140625 0.134375
2 0.46015625 0.1484375 0.109375 0.11875
2 0.68125 0.35625 0.109375 0.1296875
0 0.13203125 0.11953125 0.1171875 0.184375
3 0.23515625 0.43671875 0.1234375 0.159375
4 0.79375 0.609375 0.1390625 0.14375
2 0.8890625 0.9171875 0.1078125 0.1296875
0 0.6671875 0.8265625 0.140625 0.184375
4 0.4109375 0.51953125 0.11875 0.140625
0 0.615625 0.5390625 0.109375 0.1640625
0 0.20078125 0.621875 0.1234375 0.15625
3 0.84140625 0.33671875 0.1140625 0.1359375
0 0.3265625 0.2046875 0.13125 0.1921875
3 0.534375 0.76875 0.1078125 0.125
1 0.3546875 0.73046875 0.109375 0.14375
1 0.6828125 0.13359375 0.13125 0.159375
4 0.33125 0.89765625 0.115625 0.1328125
3 0.0890625 0.35078125 0.109375 0.134375
2 0.915625 0.10703125 0.1015625 0.1203125
4 0.12421875 0.834375 0.1171875 0.1484375