0 0.4453125 0.14140625 0.13359375 0.17578125
0 0.90859375 0.834375 0.13828125 0.18046875
0 0.3703125 0.91796875 0.13125 0.1265625
1 0.0921875 0.12421875 0.115625 0.1328125
3 0.146875 0.5078125 0.10390625 0.1265625
1 0.690625 0.1453125 0.1203125 0.1375
1 0.328125 0.51328125 0.10546875 0.11875
1 0.57421875 0.66875 0.11015625 0.12578125
3 0.546875 0.4640625 0.11875 0.13125
3 0.2125 0.85703125 0.12265625 0.15078125
3 0.1390625 0.3140625 0.1234375 0.1390625
4 0.36796875 0.74140625 0.134375 0.15859375
3 0.8875 0.20078125 0.12109375 0.13515625
1 0.73125 0.47734375 0.125 0.14296875
2 0.75546875 0.67578125 0.12421875 0.140625
2 0.90859375 0.5046875 0.10234375 0.1265625
2 0.25078125 0.11640625 0.10859375 0.13125
2 0.31015625 0.3375 0.1078125 0.1375
0 0.525 0.86171875 0.13671875 0.15546875
2 0.74140625 0.878125 0.1078125 0.140625