0 0.2203125 0.81953125 0.18125 0.2140625
1 0.72421875 0.9328125 0.1359375 0.134375
0 0.175 0.059375 0.165625 0.11875
0 0.35390625 0.37734375 0.18125 0.2
2 0.140625 0.50390625 0.128125 0.14375
2 0.9203125 0.190625 0.1421875 0.1484375
0 0.26328125 0.6359375 0.1703125 0.1828125
0 0.5125 0.41171875 0.1453125 0.1875
2 0.7703125 0.74140625 0.1203125 0.1390625
4 0.47578125 0.59609375 0.134375 0.1484375
2 0.34375 0.06640625 0.128125 0.1328125
4 0.7453125 0.48515625 0.128125 0.153125
0 0.9078125 0.46484375 0.153125 0.18125
4 0.05390625 0.75078125 0.1078125 0.1453125
4 0.73828125 0.26953125 0.146875 0.165625
4 0.55546875 0.22890625 0.1640625 0.178125
4 0.58203125 0.70078125 0.15 0.18125
4 0.5859375 0.8921875 0.13125 0.1546875
1 0.1828125 0.26484375 0.1390625 0.1578125
3 0.3984375 0.8796875 0.1515625 0.1609375