1 0.2703125 0.8234375 0.103125 0.1234375
1 0.596875 0.65703125 0.1140625 0.14375
1 0.11484375 0.421875 0.115625 0.134375
1 0.934375 0.13671875 0.1125 0.14375
1 0.2484375 0.475 0.10625 0.1453125
0 0.43515625 0.8765625 0.1125 0.1421875
0 0.10625 0.609375 0.140625 0.1625
4 0.66171875 0.45625 0.1125 0.1328125
3 0.79375 0.90234375 0.103125 0.1421875
3 0.09453125 0.78046875 0.1125 0.1390625
0 0.58046875 0.16015625 0.1390625 0.1890625
4 0.5953125 0.89375 0.1078125 0.121875
3 0.4 0.1328125 0.1171875 0.134375
0 0.76796875 0.67265625 0.121875 0.128125
2 0.765625 0.246875 0.1234375 0.1296875
4 0.41953125 0.67109375 0.115625 0.15
4 0.940625 0.784375 0.11875 0.14375
4 0.41015625 0.36015625 0.1203125 0.1375
4 0.91640625 0.496875 0.1265625 0.1515625
2 0.17734375 0.18828125 0.1015625 0.121875