1 0.1203125 0.91953125 0.1125 0.1359375
0 0.93671875 0.85078125 0.1265625 0.1390625
1 0.8046875 0.440625 0.109375 0.1171875
4 0.64453125 0.48984375 0.11875 0.1375
2 0.54765625 0.153125 0.1125 0.1328125
0 0.28671875 0.16015625 0.1546875 0.1703125
2 0.41328125 0.56015625 0.115625 0.134375
0 0.7625 0.8921875 0.1453125 0.1984375
0 0.27109375 0.4484375 0.1171875 0.1296875
3 0.10703125 0.0953125 0.1078125 0.1390625
4 0.7796875 0.6125 0.1046875 0.1328125
3 0.13359375 0.3296875 0.1109375 0.1421875
3 0.72421875 0.12890625 0.1296875 0.146875
2 0.88359375 0.140625 0.1125 0.1484375
2 0.2875 0.80703125 0.1203125 0.15
4 0.4171875 0.3421875 0.1234375 0.1484375
2 0.109375 0.7421875 0.1 0.125
4 0.44453125 0.75859375 0.13125 0.1453125
4 0.07890625 0.5109375 0.1171875 0.1484375
4 0.6046875 0.76953125 0.1140625 0.1546875