0 0.95390625 0.5640625 0.0921875 0.165625
0 0.1515625 0.5375 0.140625 0.18125
0 0.38046875 0.71796875 0.1359375 0.1796875
0 0.215625 0.93828125 0.165625 0.1234375
4 0.2125 0.74296875 0.1640625 0.178125
3 0.06328125 0.30234375 0.1265625 0.1703125
2 0.26171875 0.17421875 0.1125 0.128125
3 0.4875 0.565625 0.1328125 0.1640625
3 0.60546875 0.2984375 0.1421875 0.1546875
1 0.865625 0.821875 0.140625 0.15625
4 0.37890625 0.3625 0.134375 0.1578125
4 0.96796875 0.75078125 0.0640625 0.1546875
3 0.61328125 0.5234375 0.15 0.1609375
1 0.83515625 0.62734375 0.146875 0.1578125
1 0.4390625 0.1296875 0.14375 0.1703125
3 0.85 0.06640625 0.14375 0.1328125
2 0.62578125 0.8140625 0.1375 0.171875
4 0.66484375 0.0828125 0.140625 0.1625
2 0.90234375 0.3390625 0.1265625 0.1421875
4 0.3546875 0.9171875 0.1625 0.165625