0 0.61171875 0.18828125 0.1484375 0.1578125
0 0.29140625 0.265625 0.1375 0.1828125
0 0.69765625 0.671875 0.11875 0.178125
0 0.50625 0.728125 0.159375 0.2015625
1 0.915625 0.6875 0.1296875 0.1484375
0 0.37109375 0.49375 0.1515625 0.15
0 0.7 0.8734375 0.1515625 0.1546875
1 0.76640625 0.1421875 0.1265625 0.1453125
3 0.228125 0.4890625 0.140625 0.16875
4 0.31328125 0.9171875 0.13125 0.1546875
2 0.16640625 0.91015625 0.1328125 0.13125
1 0.8890625 0.8796875 0.128125 0.1515625
2 0.81171875 0.340625 0.140625 0.1625
3 0.359375 0.675 0.1296875 0.1546875
0 0.465625 0.90078125 0.1484375 0.1578125
4 0.0515625 0.21328125 0.103125 0.1421875
3 0.06640625 0.42734375 0.1328125 0.1828125
2 0.1796875 0.7 0.1265625 0.1421875
2 0.4296875 0.1109375 0.1171875 0.1453125
2 0.64921875 0.49375 0.115625 0.1375