1 0.56640625 0.90625 0.103125 0.11796875
3 0.36328125 0.5703125 0.11484375 0.146875
3 0.65390625 0.3515625 0.10859375 0.1421875
3 0.62578125 0.14296875 0.12421875 0.14375
3 0.353125 0.853125 0.11328125 0.1390625
1 0.86875 0.13828125 0.11953125 0.1484375
3 0.27265625 0.09296875 0.1078125 0.1453125
2 0.915625 0.64921875 0.09375 0.12265625
2 0.775 0.8421875 0.10859375 0.14375
0 0.93515625 0.871875 0.1296875 0.16875
3 0.93203125 0.365625 0.11640625 0.15234375
3 0.26015625 0.32265625 0.1140625 0.12890625
2 0.47734375 0.11875 0.11328125 0.140625
2 0.43984375 0.315625 0.11015625 0.1234375
2 0.17890625 0.796875 0.12421875 0.14609375
2 0.153125 0.50625 0.11484375 0.13359375
3 0.565625 0.73359375 0.10625 0.1265625
4 0.68828125 0.534375 0.11171875 0.13984375
3 0.10546875 0.225 0.1203125 0.13359375
4 0.4921875 0.5296875 0.1078125 0.15390625