0 0.19375 0.42734375 0.1609375 0.190625
0 0.95546875 0.78203125 0.0890625 0.1578125
0 0.70234375 0.25390625 0.146875 0.1921875
0 0.93828125 0.546875 0.1234375 0.203125
2 0.83125 0.0265625 0.1125 0.053125
0 0.27890625 0.87265625 0.1671875 0.2078125
0 0.3578125 0.26953125 0.175 0.215625
2 0.640625 0.83046875 0.10625 0.1171875
1 0.16640625 0.16484375 0.1296875 0.15625
3 0.46015625 0.81875 0.1453125 0.1703125
1 0.046875 0.18203125 0.09375 0.1640625
3 0.91640625 0.34296875 0.1328125 0.1390625
4 0.55703125 0.24375 0.146875 0.1640625
4 0.36171875 0.6078125 0.140625 0.15625
4 0.5890625 0.4375 0.1296875 0.1375
3 0.62265625 0.60546875 0.1296875 0.1546875
2 0.82109375 0.690625 0.1390625 0.15625
4 0.7484375 0.46640625 0.1484375 0.1671875
1 0.121875 0.684375 0.140625 0.159375
2 0.68671875 0.05546875 0.1046875 0.1109375