1 0.76640625 0.32109375 0.1578125 0.178125
1 0.51015625 0.6171875 0.128125 0.15
1 0.22421875 0.95390625 0.1421875 0.0921875
3 0.65078125 0.55859375 0.153125 0.171875
0 0.35234375 0.7 0.1640625 0.1734375
3 0.60234375 0.8765625 0.13125 0.153125
0 0.90703125 0.8359375 0.1484375 0.178125
1 0.70546875 0.75859375 0.140625 0.1703125
0 0.06484375 0.2734375 0.1296875 0.20625
0 0.42421875 0.925 0.1671875 0.15
3 0.66328125 0.15390625 0.14375 0.171875
2 0.53203125 0.375 0.109375 0.11875
3 0.221875 0.53359375 0.1359375 0.159375
4 0.20859375 0.7625 0.15 0.159375
4 0.93671875 0.5875 0.1265625 0.159375
0 0.23203125 0.26953125 0.15 0.1734375
2 0.38125 0.44296875 0.1515625 0.159375
4 0.08203125 0.51640625 0.1421875 0.165625
4 0.50078125 0.1359375 0.14375 0.1703125
2 0.81484375 0.125 0.1296875 0.165625