0 0.34921875 0.38359375 0.13984375 0.17265625
0 0.7796875 0.7046875 0.14921875 0.178125
0 0.1890625 0.39140625 0.14609375 0.1625
0 0.9265625 0.19765625 0.13203125 0.14765625
0 0.6015625 0.91171875 0.14765625 0.165625
0 0.9359375 0.71171875 0.1171875 0.1640625
0 0.10546875 0.6484375 0.14453125 0.16640625
0 0.115625 0.20625 0.1296875 0.17734375
0 0.27734375 0.90625 0.13828125 0.1765625
0 0.07265625 0.8078125 0.134375 0.17109375
1 0.45234375 0.12734375 0.10703125 0.1328125
0 0.26953125 0.728125 0.1234375 0.13828125
0 0.66171875 0.3859375 0.1234375 0.16875
0 0.559375 0.59296875 0.15078125 0.15703125
1 0.884375 0.40234375 0.11484375 0.1359375
1 0.29140625 0.1546875 0.1109375 0.146875
0 0.43125 0.8703125 0.11640625 0.18046875
2 0.5828125 0.17890625 0.115625 0.13203125
2 0.740625 0.21171875 0.11328125 0.12734375
4 0.8671875 0.9046875 0.1125 0.1203125