1 0.50234375 0.6125 0.1140625 0.1328125
1 0.31484375 0.3234375 0.1109375 0.125
1 0.1234375 0.88046875 0.12421875 0.15859375
1 0.26796875 0.121875 0.103125 0.13671875
0 0.55546875 0.128125 0.11875 0.16171875
3 0.659375 0.71875 0.1078125 0.1390625
3 0.1 0.14921875 0.10703125 0.13984375
4 0.93359375 0.14765625 0.103125 0.12265625
2 0.7078125 0.9171875 0.0984375 0.11171875
0 0.48203125 0.8015625 0.1265625 0.1671875
4 0.11328125 0.346875 0.13046875 0.146875
3 0.28671875 0.79140625 0.1125 0.11953125
3 0.87578125 0.9046875 0.11640625 0.14453125
2 0.8890625 0.61484375 0.109375 0.125
2 0.89765625 0.40234375 0.11796875 0.14765625
4 0.71796875 0.4640625 0.1015625 0.1296875
3 0.78671875 0.2296875 0.11640625 0.13671875
4 0.0875 0.578125 0.13046875 0.1609375
4 0.26015625 0.5625 0.1390625 0.15703125
3 0.4828125 0.378125 0.10390625 0.115625