2 0.89453125 0.3203125 0.1015625 0.1078125
3 0.7078125 0.61484375 0.1125 0.140625
1 0.60390625 0.1078125 0.1 0.11640625
0 0.265625 0.78203125 0.13359375 0.18125
0 0.60078125 0.89765625 0.1125 0.14609375
3 0.84375 0.9203125 0.10546875 0.14296875
0 0.7046875 0.3109375 0.13125 0.16875
0 0.14765625 0.35625 0.13828125 0.1453125
1 0.45078125 0.8953125 0.1046875 0.12578125
0 0.5328125 0.3734375 0.1046875 0.18125
2 0.415625 0.6859375 0.1046875 0.12421875
4 0.11953125 0.159375 0.11484375 0.14140625
4 0.1140625 0.63046875 0.121875 0.1328125
2 0.8890625 0.7421875 0.10703125 0.125
0 0.115625 0.90234375 0.14453125 0.18359375
4 0.83828125 0.10234375 0.11328125 0.14296875
4 0.85703125 0.50625 0.1265625 0.14921875
0 0.34609375 0.403125 0.128125 0.18046875
3 0.46171875 0.16328125 0.103125 0.15390625
4 0.30859375 0.1640625 0.1234375 0.1359375