1 0.40078125 0.93359375 0.1390625 0.1328125
0 0.6640625 0.3765625 0.1453125 0.1734375
0 0.95390625 0.71640625 0.0921875 0.1796875
3 0.68203125 0.18828125 0.1359375 0.1578125
0 0.10546875 0.53828125 0.1484375 0.1859375
0 0.890625 0.33046875 0.14375 0.1734375
3 0.18984375 0.95 0.1359375 0.1
0 0.32265625 0.15546875 0.1734375 0.1875
3 0.87109375 0.13828125 0.1453125 0.175
4 0.52578125 0.1859375 0.1296875 0.15
0 0.403125 0.7546875 0.140625 0.1609375
1 0.74140625 0.59140625 0.13125 0.1625
0 0.4375 0.46953125 0.146875 0.1953125
0 0.1484375 0.6984375 0.140625 0.1484375
0 0.7015625 0.87421875 0.1796875 0.2015625
2 0.25 0.5046875 0.1453125 0.1890625
0 0.87890625 0.52578125 0.18125 0.2015625
0 0.15390625 0.3296875 0.1828125 0.19375
1 0.86484375 0.84140625 0.14375 0.153125
4 0.546875 0.65 0.1421875 0.1578125