1 0.11015625 0.4453125 0.125 0.1453125
1 0.11328125 0.62421875 0.1328125 0.15
1 0.58671875 0.11953125 0.1203125 0.1421875
1 0.33984375 0.31015625 0.115625 0.1421875
2 0.49765625 0.77890625 0.1234375 0.128125
2 0.95390625 0.81484375 0.0921875 0.1234375
3 0.9015625 0.59296875 0.1359375 0.18125
3 0.7 0.60234375 0.1171875 0.1453125
0 0.82265625 0.79609375 0.1484375 0.1734375
0 0.74765625 0.071875 0.1484375 0.14375
4 0.30390625 0.52265625 0.134375 0.140625
0 0.40234375 0.10078125 0.15625 0.1890625
3 0.9078125 0.2765625 0.1171875 0.1359375
4 0.7453125 0.39375 0.1359375 0.1640625
4 0.52890625 0.42421875 0.1171875 0.1203125
4 0.20234375 0.83828125 0.134375 0.1625
2 0.334375 0.72421875 0.1265625 0.1609375
4 0.23828125 0.08515625 0.121875 0.1359375
4 0.08046875 0.22578125 0.1171875 0.14375