1 0.940625 0.42890625 0.11875 0.1484375
1 0.5671875 0.21796875 0.125 0.153125
1 0.20546875 0.57109375 0.146875 0.171875
4 0.52265625 0.72421875 0.1390625 0.14375
0 0.940625 0.18828125 0.11875 0.1765625
4 0.4046875 0.25078125 0.1359375 0.1578125
0 0.765625 0.15234375 0.1609375 0.20625
2 0.22890625 0.81015625 0.109375 0.11875
4 0.534375 0.91796875 0.11875 0.121875
4 0.2046875 0.07890625 0.1328125 0.14375
0 0.371875 0.87109375 0.153125 0.15625
3 0.796875 0.81953125 0.1265625 0.1609375
2 0.5625 0.4125 0.115625 0.140625
4 0.715625 0.60546875 0.1515625 0.1640625
0 0.796875 0.35390625 0.1578125 0.1640625
4 0.3875 0.44609375 0.1484375 0.1671875
0 0.9109375 0.6203125 0.1578125 0.171875
4 0.21875 0.24453125 0.1484375 0.1671875
1 0.36015625 0.64609375 0.1234375 0.153125
3 0.07421875 0.83046875 0.1203125 0.1359375