0 0.525 0.84921875 0.1703125 0.2
0 0.8359375 0.28671875 0.1328125 0.1671875
0 0.665625 0.6390625 0.165625 0.190625
3 0.06171875 0.25546875 0.1234375 0.1609375
0 0.8125 0.0875 0.184375 0.175
1 0.9265625 0.77421875 0.146875 0.1671875
3 0.6578125 0.4421875 0.15 0.1625
2 0.65625 0.1375 0.121875 0.15
3 0.13828125 0.42734375 0.146875 0.15625
3 0.47109375 0.6453125 0.146875 0.175
2 0.13828125 0.61640625 0.14375 0.15
1 0.30625 0.37578125 0.1484375 0.1625
1 0.384375 0.921875 0.1375 0.15625
2 0.45 0.1421875 0.1484375 0.1796875
0 0.70390625 0.81953125 0.1671875 0.1625
0 0.19765625 0.19140625 0.1625 0.1734375
3 0.20859375 0.9515625 0.1328125 0.096875
3 0.47578125 0.41484375 0.15 0.159375
2 0.24609375 0.7859375 0.1296875 0.1515625
0 0.8984375 0.5 0.178125 0.18125