2 0.6703125 0.3890625 0.11171875 0.1109375
1 0.8890625 0.58125 0.103125 0.12109375
0 0.31953125 0.36875 0.1265625 0.140625
3 0.10625 0.71796875 0.11953125 0.15078125
2 0.60234375 0.65859375 0.08828125 0.1078125
2 0.84609375 0.134375 0.11015625 0.12734375
0 0.44296875 0.73203125 0.146875 0.17109375
3 0.44921875 0.21171875 0.115625 0.1296875
4 0.44453125 0.42734375 0.11875 0.1421875
0 0.8234375 0.753125 0.1375 0.15546875
2 0.10234375 0.5390625 0.10859375 0.134375
4 0.2625 0.65 0.1046875 0.12890625
2 0.26953125 0.125 0.11015625 0.13203125
4 0.2515625 0.92265625 0.11796875 0.14609375
4 0.65234375 0.83984375 0.12578125 0.128125
4 0.4484375 0.93203125 0.13359375 0.1359375
1 0.10234375 0.1109375 0.1078125 0.1265625
3 0.63203125 0.221875 0.1015625 0.115625