1 0.41953125 0.36015625 0.125 0.14375
1 0.45546875 0.10703125 0.121875 0.14375
0 0.50546875 0.59140625 0.134375 0.1734375
0 0.65859375 0.5578125 0.1328125 0.159375
3 0.25234375 0.15390625 0.1078125 0.1328125
0 0.4640625 0.92734375 0.1375 0.1453125
0 0.6015625 0.30859375 0.153125 0.1609375
4 0.63046875 0.1359375 0.1359375 0.14375
4 0.33671875 0.73203125 0.140625 0.146875
1 0.79609375 0.14375 0.1390625 0.165625
3 0.9453125 0.821875 0.109375 0.16875
4 0.73359375 0.35703125 0.1328125 0.1671875
4 0.81640625 0.57578125 0.1390625 0.16875
4 0.0671875 0.27578125 0.134375 0.1640625
3 0.17109375 0.94453125 0.1359375 0.1109375
0 0.1359375 0.73828125 0.125 0.171875
1 0.1984375 0.47265625 0.1234375 0.153125
1 0.71015625 0.81796875 0.1390625 0.1703125
1 0.88046875 0.34296875 0.115625 0.1375
4 0.325 0.915625 0.14375 0.16875