0 0.2 0.28828125 0.121875 0.1625
0 0.071875 0.64609375 0.14375 0.1640625
0 0.43046875 0.6234375 0.165625 0.19375
4 0.15546875 0.08046875 0.13125 0.1453125
4 0.7015625 0.246875 0.13125 0.1421875
3 0.28125 0.09296875 0.125 0.140625
1 0.4671875 0.2375 0.1375 0.165625
4 0.90859375 0.54140625 0.121875 0.140625
3 0.2265625 0.8515625 0.1390625 0.1625
3 0.38359375 0.4125 0.13125 0.140625
3 0.85546875 0.9359375 0.1359375 0.128125
2 0.2484375 0.65 0.1234375 0.1421875
4 0.871875 0.74765625 0.1375 0.1578125
2 0.07265625 0.84296875 0.1421875 0.146875
2 0.5484375 0.4453125 0.1109375 0.1234375
2 0.1078125 0.4578125 0.11875 0.14375
2 0.6703125 0.8015625 0.125 0.1484375
2 0.5125 0.8796875 0.1203125 0.1390625
0 0.73671875 0.52578125 0.1359375 0.1765625
3 0.92109375 0.30859375 0.1453125 0.1578125