0 0.09140625 0.20703125 0.1203125 0.17734375
0 0.3609375 0.55859375 0.1140625 0.16640625
0 0.9015625 0.10703125 0.12578125 0.178125
0 0.72265625 0.1234375 0.15 0.165625
0 0.9109375 0.68046875 0.121875 0.128125
3 0.65703125 0.371875 0.12109375 0.1484375
3 0.19453125 0.63203125 0.12578125 0.13984375
4 0.93515625 0.48984375 0.12109375 0.13359375
2 0.43125 0.1609375 0.1078125 0.11796875
2 0.1953125 0.92890625 0.103125 0.10859375
3 0.5015625 0.36953125 0.103125 0.1328125
2 0.61875 0.7671875 0.1125 0.1203125
3 0.83984375 0.9265625 0.1109375 0.1359375
4 0.37890625 0.83046875 0.109375 0.12578125
0 0.33125 0.35703125 0.13125 0.16015625
3 0.5609375 0.57265625 0.11640625 0.146875
4 0.2734375 0.1453125 0.11171875 0.13125
1 0.74765625 0.53984375 0.1015625 0.128125
0 0.790625 0.303125 0.10546875 0.12890625
1 0.16796875 0.4078125 0.11953125 0.121875