1 0.08515625 0.115625 0.11875 0.1421875
0 0.90859375 0.11171875 0.1390625 0.146875
1 0.80859375 0.5328125 0.1140625 0.121875
4 0.64453125 0.49765625 0.125 0.14375
2 0.578125 0.84140625 0.11875 0.1375
0 0.3171875 0.85703125 0.1640625 0.178125
2 0.40859375 0.44765625 0.1234375 0.140625
0 0.72734375 0.09453125 0.1546875 0.1890625
0 0.2765625 0.57109375 0.125 0.1359375
3 0.14296875 0.9328125 0.1140625 0.134375
4 0.76875 0.3640625 0.1109375 0.1375
3 0.15 0.7015625 0.1171875 0.146875
3 0.75546875 0.85 0.1375 0.153125
2 0.91328125 0.82421875 0.11875 0.1546875
2 0.26171875 0.2125 0.1265625 0.15625
4 0.43125 0.66484375 0.13125 0.1546875
2 0.08984375 0.29296875 0.10625 0.1296875
4 0.421875 0.246875 0.1390625 0.1515625
4 0.0796875 0.52578125 0.125 0.1546875
4 0.58046875 0.22265625 0.121875 0.159375