1 0.59921875 0.359375 0.1296875 0.1453125
1 0.43203125 0.62734375 0.1328125 0.16875
3 0.09140625 0.8828125 0.1265625 0.159375
4 0.09921875 0.18125 0.1234375 0.1296875
3 0.875 0.2671875 0.128125 0.165625
2 0.44140625 0.33125 0.115625 0.121875
0 0.14375 0.6875 0.14375 0.16875
0 0.86484375 0.78359375 0.1484375 0.1796875
3 0.73359375 0.615625 0.1296875 0.1609375
4 0.690625 0.14765625 0.1375 0.1640625
0 0.5625 0.63359375 0.1578125 0.1703125
0 0.24140625 0.29609375 0.1453125 0.1765625
1 0.8875 0.94375 0.115625 0.1125
0 0.6015625 0.83515625 0.1421875 0.178125
2 0.31875 0.11875 0.1125 0.1390625
4 0.4328125 0.8375 0.1375 0.1734375
4 0.27578125 0.88046875 0.1453125 0.16875
2 0.4796875 0.1234375 0.1015625 0.1359375
2 0.1921875 0.50078125 0.1265625 0.159375
3 0.91015625 0.4953125 0.115625 0.1453125