0 0.484375 0.40859375 0.1171875 0.17890625
0 0.4984375 0.91015625 0.13203125 0.146875
0 0.93046875 0.6484375 0.12890625 0.15859375
0 0.08828125 0.73828125 0.12890625 0.17109375
1 0.75078125 0.6 0.128125 0.13984375
1 0.10390625 0.4953125 0.11484375 0.15234375
3 0.1296875 0.09453125 0.115625 0.153125
3 0.928125 0.90625 0.11796875 0.1515625
3 0.66328125 0.84921875 0.11328125 0.1359375
1 0.14140625 0.30859375 0.13125 0.15078125
1 0.3375 0.55234375 0.11484375 0.13984375
1 0.13671875 0.925 0.1203125 0.13203125
1 0.93515625 0.39921875 0.11328125 0.1484375
4 0.3125 0.25390625 0.12734375 0.1453125
3 0.91640625 0.20234375 0.1125 0.14140625
2 0.5828125 0.6515625 0.09296875 0.1046875
1 0.51953125 0.19296875 0.12421875 0.14609375
2 0.75859375 0.16953125 0.1125 0.14375
1 0.64453125 0.44609375 0.10546875 0.1265625
2 0.27578125 0.79453125 0.0984375 0.1203125