0 0.16484375 0.075 0.1390625 0.1375
1 0.625 0.17109375 0.1265625 0.1625
0 0.2265625 0.31328125 0.1515625 0.1890625
0 0.8734375 0.25390625 0.1328125 0.1453125
2 0.55390625 0.89375 0.1328125 0.1484375
0 0.375 0.828125 0.140625 0.19375
2 0.415625 0.15546875 0.115625 0.11875
2 0.6296875 0.71953125 0.1265625 0.13125
0 0.078125 0.52109375 0.1546875 0.1671875
3 0.22265625 0.59453125 0.1265625 0.146875
3 0.828125 0.74375 0.11875 0.13125
0 0.87265625 0.5453125 0.1625 0.1578125
4 0.19453125 0.8015625 0.1 0.1359375
3 0.67890625 0.490625 0.1 0.125
0 0.70546875 0.9015625 0.0984375 0.1359375
3 0.0578125 0.31015625 0.1078125 0.1421875
4 0.88671875 0.9375 0.1015625 0.125
3 0.065625 0.76796875 0.115625 0.1421875
3 0.4609375 0.378125 0.109375 0.1359375
4 0.38125 0.60078125 0.109375 0.134375