1 0.2046875 0.84609375 0.10703125 0.128125
1 0.103125 0.64140625 0.090625 0.11953125
1 0.4265625 0.22734375 0.11171875 0.14296875
0 0.575 0.1046875 0.14140625 0.16015625
2 0.93046875 0.77890625 0.1140625 0.13125
2 0.77890625 0.3625 0.103125 0.1265625
3 0.51171875 0.66640625 0.11171875 0.1421875
0 0.37578125 0.88046875 0.14609375 0.1796875
2 0.66796875 0.7875 0.090625 0.121875
0 0.23828125 0.16875 0.11953125 0.190625
4 0.22890625 0.625 0.1015625 0.140625
3 0.71875 0.11953125 0.109375 0.125
2 0.925 0.3546875 0.109375 0.146875
4 0.9359375 0.546875 0.12109375 0.13359375
2 0.090625 0.40234375 0.10390625 0.14375
4 0.34921875 0.41015625 0.1109375 0.1359375
2 0.53984375 0.921875 0.1109375 0.15625
4 0.86171875 0.10390625 0.1140625 0.13203125
3 0.7625 0.5921875 0.121875 0.128125
4 0.5515625 0.41796875 0.11796875 0.1421875