0 0.55078125 0.515625 0.159375 0.175
0 0.071875 0.38671875 0.14375 0.1921875
0 0.91484375 0.72734375 0.1703125 0.2015625
0 0.8390625 0.21796875 0.178125 0.1984375
0 0.56796875 0.2875 0.15 0.159375
2 0.33984375 0.096875 0.115625 0.134375
1 0.7953125 0.5734375 0.15625 0.16875
2 0.66875 0.184375 0.1234375 0.1421875
1 0.4125 0.596875 0.1484375 0.1609375
4 0.140625 0.79453125 0.1328125 0.153125
3 0.90546875 0.41953125 0.13125 0.1515625
4 0.615625 0.86484375 0.15 0.1625
3 0.2359375 0.36640625 0.1375 0.15
2 0.5109375 0.08984375 0.146875 0.15625
2 0.16484375 0.17578125 0.1328125 0.165625
4 0.7578125 0.81953125 0.1359375 0.15625
3 0.72421875 0.35859375 0.1328125 0.1578125
3 0.12421875 0.59765625 0.1421875 0.1578125
2 0.396875 0.34453125 0.1296875 0.1625
0 0.4359375 0.8515625 0.1515625 0.1875