0 0.2765625 0.55546875 0.1453125 0.1765625
0 0.10625 0.29375 0.1359375 0.1453125
0 0.521875 0.09140625 0.1234375 0.165625
0 0.3203125 0.796875 0.1359375 0.1984375
0 0.78203125 0.64140625 0.14375 0.175
1 0.79765625 0.88125 0.1046875 0.14375
2 0.7046875 0.11796875 0.1015625 0.1328125
1 0.9359375 0.8609375 0.121875 0.1390625
1 0.85625 0.12734375 0.1359375 0.1625
4 0.6046875 0.86328125 0.1296875 0.1453125
1 0.4265625 0.34921875 0.1171875 0.1390625
3 0.94453125 0.69453125 0.1109375 0.1578125
3 0.096875 0.47890625 0.10625 0.1375
4 0.3 0.14453125 0.128125 0.1484375
2 0.1265625 0.66953125 0.1078125 0.14375
2 0.49609375 0.59921875 0.1265625 0.165625
2 0.16484375 0.909375 0.1140625 0.1375
1 0.925 0.32734375 0.1171875 0.1328125
1 0.27734375 0.36875 0.125 0.1546875
2 0.665625 0.42890625 0.109375 0.128125