1 0.7375 0.53125 0.15625 0.16875
1 0.56953125 0.34609375 0.1328125 0.15
2 0.965625 0.18671875 0.06875 0.1578125
0 0.75234375 0.346875 0.153125 0.1890625
0 0.38203125 0.08671875 0.1609375 0.1734375
3 0.265625 0.80234375 0.1390625 0.15625
0 0.70078125 0.846875 0.1484375 0.1640625
0 0.4125 0.3875 0.1796875 0.20625
3 0.10234375 0.603125 0.1359375 0.15
3 0.86171875 0.88125 0.146875 0.178125
0 0.06953125 0.78125 0.1390625 0.171875
0 0.2078125 0.10078125 0.18125 0.2015625
0 0.4671875 0.8453125 0.165625 0.1828125
0 0.85859375 0.1859375 0.159375 0.175
0 0.85234375 0.6703125 0.1859375 0.203125
0 0.1921875 0.4234375 0.1703125 0.190625
4 0.2984375 0.61953125 0.1359375 0.159375
2 0.53125 0.6484375 0.1390625 0.1640625
3 0.95390625 0.40234375 0.0921875 0.1484375
3 0.6375 0.1609375 0.153125 0.165625