0 0.4078125 0.696875 0.12578125 0.17734375
0 0.91328125 0.46015625 0.125 0.1921875
0 0.15625 0.3359375 0.125 0.16328125
1 0.734375 0.6078125 0.1109375 0.1328125
4 0.459375 0.19609375 0.13359375 0.13984375
2 0.37265625 0.87890625 0.0984375 0.11171875
4 0.515625 0.4828125 0.1328125 0.15390625
2 0.11875 0.54765625 0.0796875 0.10625
3 0.58359375 0.896875 0.11953125 0.1328125
2 0.875 0.76875 0.11953125 0.13046875
3 0.73671875 0.88359375 0.1078125 0.146875
2 0.1390625 0.74609375 0.1140625 0.12890625
2 0.1984375 0.9265625 0.11328125 0.128125
3 0.63671875 0.1890625 0.12890625 0.1578125
1 0.5671875 0.6703125 0.12734375 0.16328125
4 0.890625 0.19296875 0.125 0.13671875
2 0.72734375 0.43125 0.10390625 0.13359375
2 0.3265625 0.1375 0.103125 0.15078125
1 0.36015625 0.5015625 0.11953125 0.146875
3 0.13125 0.15 0.1078125 0.11328125