1 0.31484375 0.18984375 0.1375 0.171875
3 0.36015625 0.83828125 0.1421875 0.1765625
1 0.5375 0.9234375 0.134375 0.153125
0 0.6578125 0.08359375 0.153125 0.1671875
0 0.80859375 0.0875 0.1703125 0.175
3 0.1765625 0.5375 0.134375 0.165625
0 0.846875 0.33671875 0.1484375 0.1734375
2 0.775 0.625 0.1203125 0.1328125
4 0.8046875 0.87734375 0.1390625 0.1546875
0 0.61640625 0.64765625 0.15 0.2046875
0 0.93828125 0.8125 0.1234375 0.20625
0 0.46015625 0.11796875 0.15625 0.1796875
0 0.17734375 0.8078125 0.1421875 0.190625
4 0.934375 0.575 0.13125 0.171875
3 0.31015625 0.58828125 0.140625 0.16875
4 0.653125 0.29609375 0.140625 0.1734375
4 0.03515625 0.20234375 0.0703125 0.1546875
4 0.05703125 0.3703125 0.1140625 0.153125
4 0.19453125 0.30390625 0.1328125 0.1515625
1 0.45078125 0.4375 0.1453125 0.175