2 0.22890625 0.39765625 0.146875 0.15
1 0.87265625 0.43203125 0.1390625 0.165625
1 0.9125 0.61953125 0.1390625 0.159375
1 0.0375 0.20859375 0.075 0.1578125
2 0.17734375 0.20703125 0.1328125 0.1375
0 0.54765625 0.70390625 0.15 0.1734375
1 0.2 0.61640625 0.1453125 0.1640625
3 0.4015625 0.796875 0.1359375 0.1515625
3 0.4515625 0.44375 0.1359375 0.1671875
0 0.23515625 0.8734375 0.1609375 0.20625
2 0.878125 0.82109375 0.1203125 0.14375
2 0.63046875 0.37578125 0.1484375 0.1609375
4 0.64609375 0.1296875 0.140625 0.1734375
2 0.6984375 0.59453125 0.13125 0.1578125
0 0.06640625 0.390625 0.1328125 0.184375
0 0.36953125 0.24140625 0.1234375 0.1625
4 0.7515625 0.84375 0.1328125 0.1625
2 0.49921875 0.16953125 0.1265625 0.159375
4 0.8328125 0.12109375 0.1328125 0.15625
4 0.60078125 0.89375 0.15 0.1578125