0 0.91484375 0.33046875 0.1546875 0.18125
0 0.28359375 0.62421875 0.165625 0.1890625
0 0.80234375 0.15078125 0.1390625 0.1484375
0 0.7390625 0.28828125 0.16875 0.1859375
0 0.48203125 0.340625 0.15 0.165625
2 0.32890625 0.16640625 0.1203125 0.1296875
1 0.73828125 0.90390625 0.128125 0.159375
4 0.32578125 0.3671875 0.1234375 0.1375
0 0.48828125 0.78359375 0.159375 0.159375
4 0.31875 0.84140625 0.1359375 0.1484375
1 0.1640625 0.77265625 0.15 0.1578125
2 0.73828125 0.7015625 0.1265625 0.15
3 0.4671875 0.54296875 0.11875 0.1359375
2 0.14609375 0.4234375 0.11875 0.1359375
3 0.12109375 0.59453125 0.1484375 0.1546875
4 0.9515625 0.15078125 0.096875 0.1671875
4 0.92734375 0.59375 0.1421875 0.175
4 0.7609375 0.51015625 0.1390625 0.1578125
3 0.49609375 0.13203125 0.1328125 0.1515625
2 0.1484375 0.18359375 0.1390625 0.171875