0 0.12890625 0.1875 0.125 0.184375
0 0.17734375 0.40390625 0.165625 0.1875
0 0.94140625 0.1578125 0.1171875 0.146875
3 0.6859375 0.9375 0.13125 0.125
4 0.57109375 0.1171875 0.115625 0.146875
3 0.44921875 0.36328125 0.1328125 0.171875
4 0.79375 0.22265625 0.140625 0.159375
4 0.540625 0.69375 0.146875 0.1546875
3 0.59453125 0.4015625 0.1390625 0.1734375
3 0.06171875 0.85703125 0.1234375 0.1640625
4 0.7046875 0.7359375 0.134375 0.1609375
2 0.2140625 0.640625 0.109375 0.121875
2 0.4484375 0.928125 0.1015625 0.1234375
2 0.28359375 0.17578125 0.1078125 0.1265625
2 0.24609375 0.85234375 0.115625 0.1515625
1 0.8359375 0.95390625 0.115625 0.0921875
2 0.86953125 0.734375 0.1265625 0.1453125
2 0.92109375 0.38203125 0.13125 0.15
4 0.39921875 0.59453125 0.1375 0.159375
4 0.73984375 0.51640625 0.1359375 0.1515625