1 0.63984375 0.678125 0.1046875 0.1234375
1 0.9078125 0.4015625 0.1203125 0.1234375
3 0.184375 0.134375 0.11875 0.134375
3 0.23125 0.8671875 0.1140625 0.146875
0 0.69765625 0.1546875 0.1390625 0.1796875
0 0.42265625 0.6046875 0.1234375 0.1671875
0 0.26328125 0.64375 0.1421875 0.1734375
1 0.5828125 0.9078125 0.115625 0.1390625
0 0.4640625 0.128125 0.1390625 0.196875
3 0.25859375 0.35625 0.1078125 0.128125
0 0.85703125 0.19921875 0.1234375 0.140625
0 0.43828125 0.35 0.146875 0.1859375
2 0.66484375 0.4296875 0.1375 0.1421875
0 0.44140625 0.82578125 0.125 0.1515625
4 0.8984375 0.865625 0.121875 0.1390625
2 0.74296875 0.859375 0.103125 0.13125
4 0.059375 0.5859375 0.115625 0.14375
4 0.0578125 0.88671875 0.115625 0.1484375
3 0.81484375 0.6859375 0.115625 0.1359375
3 0.07265625 0.325 0.1125 0.134375