1 0.27421875 0.8125 0.146875 0.1734375
2 0.40234375 0.60703125 0.125 0.140625
1 0.59296875 0.73828125 0.140625 0.1734375
2 0.96171875 0.76484375 0.0765625 0.1234375
1 0.44375 0.87890625 0.14375 0.1671875
0 0.72421875 0.4578125 0.175 0.1890625
3 0.8734375 0.09765625 0.140625 0.175
0 0.53359375 0.16640625 0.1734375 0.190625
0 0.54921875 0.57578125 0.1703125 0.1890625
4 0.29453125 0.40390625 0.1203125 0.14375
4 0.2625 0.61796875 0.1328125 0.1453125
3 0.1703125 0.2453125 0.11875 0.1328125
4 0.08515625 0.54765625 0.128125 0.1484375
0 0.390625 0.1703125 0.1453125 0.18125
2 0.4546875 0.390625 0.1328125 0.1578125
2 0.7796875 0.84453125 0.128125 0.1515625
3 0.91953125 0.36328125 0.1265625 0.15
3 0.89140625 0.5515625 0.13125 0.153125
4 0.71953125 0.12421875 0.1453125 0.1734375
3 0.753125 0.603125 0.115625 0.1390625