1 0.68203125 0.925 0.1203125 0.140625
0 0.5046875 0.340625 0.11953125 0.16015625
1 0.26875 0.93359375 0.12265625 0.13203125
0 0.11484375 0.1296875 0.134375 0.14765625
4 0.45859375 0.1484375 0.1125 0.12578125
3 0.10234375 0.91875 0.10234375 0.14921875
1 0.11015625 0.496875 0.11640625 0.12421875
0 0.11328125 0.32421875 0.14296875 0.1875
3 0.27734375 0.4109375 0.11328125 0.15078125
0 0.8328125 0.13125 0.1203125 0.15625
0 0.29765625 0.70078125 0.1578125 0.1453125
3 0.653125 0.36015625 0.11484375 0.15234375
0 0.43046875 0.54921875 0.1234375 0.1671875
4 0.825 0.4828125 0.11796875 0.1375
4 0.2796875 0.1890625 0.125 0.14296875
4 0.5875 0.590625 0.12109375 0.15234375
3 0.86796875 0.88203125 0.115625 0.140625
0 0.6953125 0.1203125 0.134375 0.1484375
3 0.48671875 0.88125 0.1109375 0.1453125
3 0.15234375 0.71328125 0.10859375 0.13046875