0 0.7296875 0.89609375 0.1546875 0.1875
0 0.7078125 0.41015625 0.1515625 0.1921875
0 0.48203125 0.3671875 0.1359375 0.153125
0 0.72734375 0.10859375 0.13125 0.175
0 0.3171875 0.34375 0.128125 0.1703125
0 0.559375 0.1140625 0.146875 0.1796875
0 0.90859375 0.11640625 0.140625 0.1546875
0 0.87421875 0.59375 0.175 0.196875
0 0.0953125 0.51015625 0.15625 0.196875
4 0.471875 0.5765625 0.1125 0.1359375
3 0.06484375 0.825 0.1296875 0.15625
1 0.87421875 0.84296875 0.1265625 0.1421875
1 0.56796875 0.88046875 0.1328125 0.1484375
1 0.87265625 0.3875 0.1203125 0.1359375
2 0.4203125 0.775 0.11875 0.1375
4 0.62890625 0.65859375 0.121875 0.1453125
2 0.2515625 0.84453125 0.1265625 0.1515625
3 0.265625 0.678125 0.1296875 0.15
2 0.30703125 0.14609375 0.128125 0.140625
2 0.15859375 0.18671875 0.1328125 0.1640625