0 0.9046875 0.784375 0.1125 0.17421875
0 0.87265625 0.34765625 0.1453125 0.19296875
0 0.16171875 0.9140625 0.128125 0.165625
0 0.9140625 0.53828125 0.11875 0.1546875
4 0.6234375 0.175 0.11015625 0.128125
2 0.60703125 0.765625 0.09453125 0.10625
1 0.271875 0.67734375 0.1265625 0.13515625
4 0.45703125 0.5984375 0.1140625 0.1359375
3 0.94296875 0.15390625 0.1109375 0.1484375
1 0.35859375 0.10546875 0.1078125 0.121875
2 0.075 0.0984375 0.09375 0.103125
3 0.7421875 0.71171875 0.125 0.15703125
3 0.7390625 0.53984375 0.1171875 0.15625
4 0.78125 0.1578125 0.11484375 0.1296875
1 0.4484375 0.92265625 0.103125 0.11875
4 0.13125 0.31796875 0.1046875 0.13515625
4 0.553125 0.3765625 0.11796875 0.13125
3 0.12109375 0.5265625 0.10703125 0.1296875
4 0.3484375 0.34609375 0.125 0.14609375
3 0.11953125 0.72421875 0.1 0.121875