2 0.6859375 0.46328125 0.1265625 0.140625
3 0.6375 0.69140625 0.1578125 0.1734375
0 0.37265625 0.08359375 0.1390625 0.1671875
0 0.515625 0.16484375 0.159375 0.1734375
2 0.5078125 0.66015625 0.125 0.1328125
3 0.790625 0.753125 0.1328125 0.1484375
0 0.27890625 0.41796875 0.171875 0.18125
0 0.1234375 0.2859375 0.1859375 0.203125
3 0.675 0.23046875 0.1359375 0.1578125
2 0.47890625 0.884375 0.134375 0.15
1 0.959375 0.259375 0.08125 0.1875
1 0.0734375 0.5859375 0.128125 0.153125
2 0.33125 0.6859375 0.128125 0.1546875
1 0.90703125 0.4671875 0.146875 0.1609375
0 0.653125 0.9265625 0.134375 0.146875
4 0.4546875 0.425 0.1265625 0.1453125
4 0.18671875 0.0921875 0.1265625 0.1421875
4 0.096875 0.790625 0.165625 0.190625
2 0.85234375 0.21875 0.11875 0.14375
3 0.84765625 0.94296875 0.1328125 0.1140625