0 0.61015625 0.53203125 0.11640625 0.1765625
0 0.1234375 0.8515625 0.1359375 0.1875
0 0.559375 0.315625 0.11015625 0.16796875
0 0.515625 0.9171875 0.1265625 0.15390625
4 0.76796875 0.5515625 0.115625 0.13359375
1 0.315625 0.11015625 0.10390625 0.1328125
4 0.60625 0.13046875 0.12265625 0.14765625
1 0.4359375 0.32734375 0.11796875 0.13125
3 0.2546875 0.4765625 0.115625 0.14765625
4 0.2328125 0.64453125 0.11484375 0.128125
2 0.42421875 0.66171875 0.10234375 0.11484375
4 0.85 0.7375 0.1109375 0.140625
1 0.74609375 0.3484375 0.13203125 0.1296875
4 0.31953125 0.87734375 0.11796875 0.128125
4 0.8359375 0.15 0.1078125 0.13359375
3 0.6921875 0.87421875 0.09921875 0.12890625
3 0.93828125 0.4578125 0.1171875 0.134375
2 0.09296875 0.47734375 0.10546875 0.140625
2 0.13828125 0.1546875 0.1109375 0.1484375
2 0.07421875 0.65625 0.10859375 0.1421875