0 0.82265625 0.07421875 0.1828125 0.1484375
0 0.396875 0.26875 0.1546875 0.1703125
0 0.7296875 0.80859375 0.1765625 0.190625
0 0.45859375 0.44453125 0.165625 0.1796875
1 0.1546875 0.54765625 0.1375 0.153125
4 0.06328125 0.38046875 0.1265625 0.1640625
1 0.2015625 0.7796875 0.13125 0.1515625
1 0.81640625 0.3515625 0.1421875 0.1546875
2 0.5078125 0.63671875 0.1109375 0.1328125
3 0.30234375 0.4765625 0.146875 0.18125
3 0.5328125 0.17734375 0.1375 0.159375
1 0.68515625 0.134375 0.1625 0.1734375
3 0.3578125 0.6921875 0.15 0.165625
3 0.51328125 0.91015625 0.15625 0.1671875
3 0.628125 0.41328125 0.1375 0.16875
1 0.24140625 0.95546875 0.1421875 0.0890625
2 0.95 0.82890625 0.1 0.1421875
3 0.21171875 0.28125 0.1546875 0.1625
4 0.92890625 0.52890625 0.1421875 0.1640625
2 0.79296875 0.60546875 0.14375 0.153125