1 0.69765625 0.6328125 0.1296875 0.146875
2 0.7046875 0.34609375 0.11875 0.140625
0 0.515625 0.86015625 0.1703125 0.2015625
0 0.64375 0.1109375 0.16875 0.2109375
1 0.41875 0.35234375 0.1234375 0.146875
0 0.85625 0.10703125 0.128125 0.1609375
0 0.93671875 0.7640625 0.1265625 0.20625
0 0.18203125 0.34921875 0.128125 0.1765625
0 0.0578125 0.16953125 0.115625 0.1921875
2 0.36171875 0.69140625 0.14375 0.1671875
2 0.8796875 0.30078125 0.10625 0.13125
2 0.25546875 0.52421875 0.128125 0.1578125
4 0.82109375 0.82890625 0.153125 0.1796875
4 0.84140625 0.55 0.128125 0.15
2 0.2296875 0.1359375 0.1375 0.1765625
1 0.23984375 0.89375 0.1328125 0.1609375
4 0.5171875 0.55703125 0.1515625 0.15
2 0.6609375 0.84921875 0.10625 0.128125
4 0.10859375 0.5546875 0.11875 0.15
3 0.45078125 0.18671875 0.128125 0.1296875