3 0.7296875 0.4796875 0.10625 0.1375
3 0.12578125 0.675 0.10625 0.1328125
2 0.63125 0.83359375 0.1109375 0.134375
3 0.48515625 0.22734375 0.121875 0.14375
0 0.29140625 0.6546875 0.1203125 0.1828125
4 0.434375 0.61875 0.1390625 0.1671875
3 0.878125 0.67109375 0.10625 0.1359375
0 0.11015625 0.8953125 0.140625 0.196875
3 0.45078125 0.84453125 0.1140625 0.1359375
4 0.88515625 0.096875 0.1265625 0.1484375
0 0.04765625 0.1375 0.0953125 0.1625
1 0.70859375 0.0609375 0.1046875 0.121875
4 0.20625 0.4546875 0.115625 0.153125
1 0.33046875 0.4140625 0.1203125 0.1546875
4 0.29140625 0.1125 0.1203125 0.153125
0 0.7015625 0.25390625 0.1578125 0.1765625
4 0.89609375 0.428125 0.1265625 0.146875
4 0.8796875 0.84921875 0.1359375 0.1484375
4 0.5796875 0.4796875 0.1265625 0.15625
4 0.3125 0.8734375 0.1125 0.159375