0 0.92890625 0.91171875 0.1234375 0.17109375
0 0.509375 0.3984375 0.11796875 0.171875
0 0.14609375 0.60078125 0.13515625 0.18671875
0 0.90234375 0.3796875 0.1484375 0.1609375
4 0.93671875 0.71796875 0.115625 0.13515625
0 0.665625 0.50625 0.12265625 0.1390625
3 0.2578125 0.25 0.11640625 0.1484375
1 0.11015625 0.1390625 0.1046875 0.13515625
3 0.896875 0.184375 0.128125 0.1359375
1 0.471875 0.66328125 0.115625 0.1421875
4 0.28515625 0.44921875 0.115625 0.13125
2 0.43515625 0.1484375 0.1125 0.12890625
3 0.615625 0.89921875 0.11484375 0.15546875
2 0.7765625 0.90546875 0.10078125 0.1046875
4 0.1828125 0.83203125 0.1234375 0.1546875
2 0.790625 0.71484375 0.0953125 0.1109375
0 0.725 0.31484375 0.11953125 0.1359375
4 0.1265625 0.33671875 0.11796875 0.1421875
3 0.70859375 0.125 0.1125 0.1359375
2 0.36875 0.87890625 0.109375 0.11171875