0 0.39375 0.096875 0.1390625 0.18125
0 0.0453125 0.84375 0.090625 0.175
0 0.24609375 0.07734375 0.1421875 0.1546875
4 0.140625 0.52265625 0.1578125 0.1703125
3 0.49375 0.903125 0.146875 0.171875
3 0.196875 0.7375 0.1421875 0.1671875
3 0.9125 0.23359375 0.1390625 0.153125
1 0.59453125 0.6953125 0.1390625 0.1640625
3 0.775 0.1515625 0.140625 0.1703125
1 0.203125 0.29921875 0.140625 0.16875
2 0.4765625 0.4875 0.10625 0.1265625
4 0.38515625 0.3015625 0.1375 0.1484375
3 0.3078125 0.48203125 0.1484375 0.15
3 0.62734375 0.240625 0.125 0.15
2 0.690625 0.50078125 0.1328125 0.1515625
4 0.696875 0.9 0.1421875 0.1734375
1 0.35625 0.86640625 0.1484375 0.171875
0 0.83046875 0.93671875 0.1546875 0.1265625
2 0.8625 0.73671875 0.140625 0.159375
2 0.8296875 0.45859375 0.125 0.1453125