2 0.11171875 0.08984375 0.10625 0.1234375
1 0.88671875 0.59453125 0.1328125 0.15625
0 0.6359375 0.80078125 0.140625 0.1703125
1 0.08515625 0.56484375 0.1265625 0.1546875
0 0.5296875 0.55390625 0.1625 0.1734375
0 0.32421875 0.465625 0.128125 0.1625
1 0.1046875 0.38515625 0.1265625 0.1546875
2 0.525 0.3265625 0.1125 0.134375
3 0.74296875 0.625 0.11875 0.165625
0 0.05 0.76796875 0.1 0.1796875
2 0.50390625 0.08515625 0.121875 0.14375
3 0.3125 0.2359375 0.1359375 0.1390625
4 0.675 0.35859375 0.1421875 0.1421875
4 0.24765625 0.7796875 0.1390625 0.1625
4 0.66875 0.15625 0.1203125 0.146875
4 0.41875 0.7390625 0.121875 0.1453125
2 0.86328125 0.13203125 0.103125 0.1203125
4 0.90703125 0.41484375 0.146875 0.175
4 0.875 0.9328125 0.11875 0.134375
4 0.35078125 0.07578125 0.1390625 0.1515625