0 0.85 0.0796875 0.14375 0.159375
1 0.303125 0.221875 0.1296875 0.1390625
3 0.3765625 0.896875 0.1296875 0.1640625
3 0.48203125 0.38984375 0.134375 0.159375
0 0.5765625 0.60703125 0.146875 0.1421875
0 0.08359375 0.23984375 0.1515625 0.16875
0 0.92421875 0.85625 0.1515625 0.1875
0 0.63828125 0.35078125 0.1359375 0.16875
3 0.07890625 0.5140625 0.1421875 0.159375
0 0.81328125 0.47890625 0.1328125 0.18125
0 0.46328125 0.1484375 0.1296875 0.1625
0 0.18671875 0.75 0.1515625 0.1875
0 0.32890625 0.43125 0.1578125 0.1875
0 0.859375 0.68515625 0.140625 0.171875
2 0.7859375 0.30234375 0.128125 0.1515625
3 0.3171875 0.6234375 0.140625 0.1546875
3 0.16171875 0.946875 0.1265625 0.10625
4 0.634375 0.11015625 0.1296875 0.1515625
2 0.72109375 0.82265625 0.11875 0.15625
4 0.56328125 0.86875 0.146875 0.1765625