1 0.31875 0.4359375 0.128125 0.1421875
2 0.35546875 0.615625 0.1125 0.121875
1 0.28046875 0.8375 0.103125 0.1328125
1 0.6765625 0.88203125 0.11875 0.15625
3 0.64296875 0.265625 0.1171875 0.14375
0 0.4796875 0.88046875 0.1203125 0.1625
2 0.11015625 0.86796875 0.11875 0.1078125
3 0.63203125 0.4859375 0.1265625 0.1359375
0 0.8265625 0.821875 0.1328125 0.15625
0 0.16796875 0.4671875 0.11875 0.16875
3 0.2265625 0.13359375 0.13125 0.15625
0 0.7828125 0.48515625 0.1171875 0.1703125
4 0.78046875 0.28203125 0.1125 0.14375
4 0.83515625 0.08125 0.1109375 0.125
4 0.56796875 0.66953125 0.128125 0.153125
4 0.3984375 0.09765625 0.1171875 0.15
4 0.46875 0.31484375 0.1203125 0.13125
3 0.0984375 0.675 0.121875 0.1375
1 0.665625 0.08828125 0.1171875 0.134375