1 0.4796875 0.6296875 0.1125 0.1296875
1 0.4140625 0.38046875 0.1203125 0.1375
1 0.1015625 0.51015625 0.1078125 0.1328125
2 0.90859375 0.63203125 0.1140625 0.1265625
0 0.6078125 0.8734375 0.1125 0.175
0 0.30078125 0.85703125 0.121875 0.1484375
2 0.8515625 0.85 0.103125 0.121875
0 0.53359375 0.1703125 0.1421875 0.1421875
2 0.45546875 0.828125 0.115625 0.128125
3 0.25859375 0.5671875 0.115625 0.1375
3 0.57890625 0.36875 0.1265625 0.14375
2 0.3703125 0.19375 0.1 0.11875
3 0.20625 0.328125 0.103125 0.13125
2 0.63671875 0.6484375 0.1109375 0.1296875
4 0.2328125 0.09296875 0.1296875 0.1515625
2 0.915625 0.19453125 0.090625 0.115625
4 0.76953125 0.3953125 0.1203125 0.1359375
3 0.0671875 0.11796875 0.115625 0.1421875
0 0.08515625 0.73046875 0.1453125 0.1609375
4 0.7484375 0.08515625 0.103125 0.1421875