0 0.90078125 0.5375 0.1734375 0.1984375
3 0.59765625 0.6671875 0.1484375 0.171875
0 0.48515625 0.3546875 0.1453125 0.18125
4 0.15390625 0.21484375 0.14375 0.1609375
4 0.19765625 0.803125 0.14375 0.1640625
0 0.296875 0.346875 0.171875 0.1984375
3 0.65625 0.9046875 0.1421875 0.153125
3 0.9078125 0.30703125 0.1484375 0.1859375
3 0.15625 0.52421875 0.14375 0.165625
2 0.82734375 0.93984375 0.1140625 0.1203125
3 0.7875 0.17734375 0.1421875 0.1640625
4 0.353125 0.796875 0.1359375 0.1546875
2 0.06015625 0.71328125 0.1203125 0.1546875
1 0.4578125 0.11171875 0.1390625 0.1640625
3 0.66328125 0.33203125 0.1375 0.153125
2 0.50859375 0.8703125 0.1375 0.165625
2 0.60859375 0.08671875 0.128125 0.1453125
4 0.7984375 0.71171875 0.1421875 0.1546875
2 0.340625 0.59921875 0.140625 0.15625
2 0.2203125 0.046875 0.1375 0.09375