0 0.6078125 0.109375 0.171875 0.209375
0 0.8375 0.85703125 0.1609375 0.19375
3 0.34453125 0.8515625 0.1265625 0.146875
2 0.6984375 0.8859375 0.128125 0.15625
0 0.93984375 0.421875 0.1203125 0.1875
0 0.5828125 0.33984375 0.18125 0.2140625
4 0.17109375 0.484375 0.1328125 0.1515625
0 0.20078125 0.753125 0.1546875 0.1578125
0 0.07578125 0.75625 0.1375 0.1828125
2 0.5015625 0.68359375 0.1171875 0.15
3 0.94609375 0.1625 0.1078125 0.1625
4 0.76484375 0.3328125 0.1375 0.1609375
3 0.79921875 0.12109375 0.1296875 0.1515625
4 0.72421875 0.64921875 0.1546875 0.178125
1 0.51328125 0.87578125 0.1390625 0.159375
4 0.2640625 0.12109375 0.1484375 0.178125
4 0.46875 0.15234375 0.121875 0.1375
4 0.29453125 0.596875 0.1359375 0.1625
4 0.3734375 0.42421875 0.14375 0.1546875
3 0.86484375 0.68046875 0.128125 0.14375