1 0.9625 0.19296875 0.075 0.1359375
1 0.13828125 0.228125 0.1453125 0.1625
4 0.81953125 0.14765625 0.128125 0.1375
3 0.328125 0.06171875 0.134375 0.1234375
4 0.890625 0.38671875 0.1328125 0.1453125
3 0.209375 0.6875 0.1359375 0.1703125
1 0.18828125 0.04140625 0.1203125 0.0828125
2 0.4546875 0.684375 0.1296875 0.1375
0 0.43203125 0.490625 0.1734375 0.2046875
0 0.16171875 0.45625 0.16875 0.190625
0 0.5953125 0.86171875 0.1703125 0.18125
0 0.64296875 0.37265625 0.140625 0.184375
2 0.63828125 0.17890625 0.11875 0.1328125
0 0.46875 0.18359375 0.175 0.1859375
4 0.278125 0.234375 0.128125 0.140625
3 0.65234375 0.6109375 0.121875 0.140625
4 0.88046875 0.6796875 0.14375 0.175
2 0.4234375 0.8546875 0.128125 0.1625
4 0.0703125 0.61796875 0.1390625 0.159375
1 0.79375 0.86640625 0.140625 0.1640625