2 0.13828125 0.7390625 0.1171875 0.121875
3 0.2765625 0.41875 0.1328125 0.15625
1 0.45859375 0.90390625 0.1171875 0.13125
0 0.6875 0.18515625 0.1609375 0.2
0 0.33828125 0.12265625 0.134375 0.1625
3 0.09453125 0.13828125 0.1265625 0.1578125
0 0.32734375 0.71875 0.15625 0.1875
0 0.8703125 0.58671875 0.159375 0.165625
1 0.48671875 0.1015625 0.1234375 0.140625
0 0.4875 0.63046875 0.13125 0.1953125
2 0.55390625 0.303125 0.1234375 0.1390625
4 0.92890625 0.7765625 0.1359375 0.1578125
4 0.8609375 0.3109375 0.140625 0.15
2 0.078125 0.321875 0.125 0.140625
0 0.815625 0.071875 0.171875 0.14375
4 0.228125 0.9328125 0.134375 0.134375
4 0.14609375 0.55 0.1484375 0.1671875
0 0.6671875 0.571875 0.1546875 0.1984375
3 0.590625 0.8265625 0.1265625 0.16875
4 0.74140625 0.8015625 0.14375 0.153125