3 0.11875 0.45234375 0.1375 0.153125
0 0.90078125 0.60078125 0.159375 0.184375
1 0.33125 0.615625 0.121875 0.1546875
1 0.36328125 0.8640625 0.13125 0.1515625
0 0.29375 0.2890625 0.121875 0.1328125
0 0.19140625 0.8015625 0.171875 0.1921875
1 0.76640625 0.1703125 0.1265625 0.1515625
2 0.56171875 0.48203125 0.1109375 0.1203125
0 0.521875 0.26171875 0.1609375 0.1890625
0 0.5328125 0.87265625 0.1453125 0.178125
0 0.15859375 0.0671875 0.1546875 0.134375
2 0.5046875 0.06796875 0.1046875 0.125
3 0.7234375 0.59140625 0.115625 0.1421875
4 0.128125 0.24375 0.1203125 0.1265625
4 0.80859375 0.3609375 0.1125 0.13125
2 0.34296875 0.0859375 0.13125 0.1609375
4 0.940625 0.309375 0.11875 0.134375
2 0.81796875 0.84453125 0.10625 0.13125
4 0.95234375 0.1015625 0.0953125 0.134375
1 0.5625 0.67890625 0.128125 0.1546875