0 0.34453125 0.64609375 0.1265625 0.1984375
0 0.26015625 0.90546875 0.115625 0.1328125
0 0.92109375 0.57578125 0.1390625 0.1609375
4 0.85390625 0.13984375 0.1140625 0.1375
1 0.89765625 0.31875 0.13125 0.146875
4 0.62265625 0.6796875 0.115625 0.128125
0 0.36484375 0.11328125 0.1390625 0.1671875
0 0.33515625 0.4296875 0.11875 0.1671875
1 0.20859375 0.715625 0.115625 0.153125
1 0.715625 0.46953125 0.1125 0.1296875
1 0.15546875 0.51171875 0.11875 0.1578125
3 0.65078125 0.86328125 0.1171875 0.125
2 0.67421875 0.2109375 0.109375 0.159375
3 0.16171875 0.32578125 0.11875 0.1484375
4 0.0953125 0.92734375 0.1140625 0.140625
3 0.42109375 0.90703125 0.11875 0.1234375
2 0.0828125 0.13203125 0.1140625 0.14375
4 0.53125 0.434375 0.1015625 0.1359375
2 0.86953125 0.790625 0.125 0.175
0 0.5390625 0.2171875 0.1296875 0.140625