2 0.1765625 0.29609375 0.1015625 0.121875
1 0.10546875 0.0921875 0.115625 0.1390625
1 0.92578125 0.7046875 0.1109375 0.140625
1 0.12890625 0.859375 0.1171875 0.15
2 0.26171875 0.11796875 0.1171875 0.1390625
0 0.3625 0.5734375 0.1359375 0.1359375
2 0.74765625 0.5390625 0.1140625 0.1453125
0 0.92421875 0.4671875 0.1328125 0.1296875
3 0.48046875 0.1546875 0.103125 0.121875
0 0.9015625 0.26328125 0.1359375 0.140625
2 0.38515625 0.3359375 0.1109375 0.1203125
0 0.859375 0.075 0.109375 0.15
0 0.28671875 0.83515625 0.1234375 0.15
4 0.66484375 0.096875 0.1203125 0.1296875
3 0.44375 0.85859375 0.1125 0.1421875
4 0.5765625 0.6359375 0.1109375 0.140625
1 0.6359375 0.32265625 0.109375 0.1453125
4 0.14765625 0.6 0.128125 0.146875
4 0.5953125 0.8578125 0.1296875 0.165625
3 0.7578125 0.76015625 0.103125 0.134375