0 0.72421875 0.621875 0.153125 0.15234375
0 0.9375 0.5828125 0.125 0.14375
0 0.49140625 0.88125 0.11640625 0.13671875
1 0.92109375 0.82734375 0.12578125 0.14921875
0 0.2875 0.89765625 0.12578125 0.14921875
0 0.546875 0.440625 0.11484375 0.15546875
2 0.14375 0.4328125 0.10078125 0.10234375
2 0.5640625 0.2125 0.1109375 0.13203125
0 0.484375 0.665625 0.14140625 0.190625
0 0.88125 0.3171875 0.13984375 0.18203125
0 0.4109375 0.35546875 0.12109375 0.13984375
0 0.7015625 0.375 0.13203125 0.140625
4 0.196875 0.22890625 0.121875 0.13828125
0 0.91015625 0.1171875 0.14296875 0.1546875
3 0.3984375 0.13125 0.11015625 0.14609375
3 0.1203125 0.9078125 0.10078125 0.1359375
4 0.7359375 0.11015625 0.11171875 0.15234375
4 0.32890625 0.7 0.11484375 0.14453125
1 0.7375 0.84296875 0.11328125 0.15
3 0.12109375 0.67890625 0.12578125 0.140625