0 0.1359375 0.32421875 0.1203125 0.15390625
0 0.69453125 0.321875 0.1328125 0.18671875
0 0.09140625 0.1109375 0.1171875 0.12421875
4 0.28828125 0.55234375 0.1171875 0.13984375
1 0.48203125 0.18359375 0.09765625 0.13046875
0 0.63359375 0.13671875 0.13125 0.14609375
2 0.18359375 0.90078125 0.1 0.121875
1 0.7984375 0.865625 0.11875 0.1359375
0 0.7109375 0.61328125 0.13203125 0.15390625
2 0.3671875 0.853125 0.1078125 0.115625
4 0.27578125 0.18125 0.1125 0.134375
4 0.528125 0.8171875 0.11171875 0.13359375
4 0.3125 0.38046875 0.10859375 0.115625
1 0.14140625 0.521875 0.1265625 0.1421875
4 0.10859375 0.71484375 0.09296875 0.1109375
4 0.875 0.3375 0.1109375 0.13671875
3 0.56796875 0.615625 0.1265625 0.1375
4 0.93359375 0.59921875 0.11875 0.1296875
4 0.56640625 0.4328125 0.10546875 0.13984375
4 0.82109375 0.12421875 0.1234375 0.13203125