1 0.44140625 0.75703125 0.1109375 0.13515625
0 0.8109375 0.1953125 0.14921875 0.1890625
0 0.228125 0.84453125 0.1390625 0.1734375
3 0.91484375 0.653125 0.1015625 0.13984375
3 0.59765625 0.6328125 0.10625 0.13203125
0 0.70625 0.40546875 0.13125 0.15859375
1 0.16640625 0.184375 0.10546875 0.140625
3 0.31796875 0.1546875 0.11953125 0.11640625
2 0.4484375 0.47109375 0.10625 0.1390625
2 0.26171875 0.38828125 0.09921875 0.1328125
3 0.61875 0.12734375 0.11015625 0.128125
4 0.496875 0.2921875 0.1015625 0.1296875
4 0.10234375 0.384375 0.09921875 0.12109375
2 0.078125 0.65078125 0.09296875 0.10234375
0 0.2609375 0.66875 0.14453125 0.16953125
2 0.9234375 0.87421875 0.1 0.134375
4 0.8546875 0.39296875 0.11484375 0.15078125
2 0.75625 0.84296875 0.1015625 0.1390625
2 0.6125 0.8328125 0.09453125 0.1109375
4 0.74453125 0.6671875 0.1109375 0.13671875