0 0.3484375 0.14453125 0.1515625 0.2078125
0 0.82890625 0.0984375 0.165625 0.1796875
0 0.84765625 0.2859375 0.159375 0.184375
2 0.73515625 0.553125 0.1125 0.1234375
4 0.1796875 0.22421875 0.1453125 0.165625
1 0.6796875 0.1109375 0.1359375 0.1515625
0 0.57578125 0.91796875 0.159375 0.1609375
1 0.93046875 0.696875 0.1390625 0.18125
2 0.675 0.3078125 0.1125 0.121875
4 0.0484375 0.26015625 0.096875 0.1828125
2 0.58203125 0.70078125 0.1234375 0.1328125
2 0.90703125 0.5078125 0.14375 0.1765625
2 0.49140625 0.13046875 0.1296875 0.15
1 0.52421875 0.46875 0.134375 0.1640625
4 0.16875 0.55390625 0.1578125 0.1828125
2 0.37890625 0.65859375 0.1296875 0.1578125
1 0.3578125 0.45703125 0.1328125 0.165625
3 0.79375 0.84375 0.1359375 0.1671875
2 0.221875 0.896875 0.125 0.1484375
4 0.38359375 0.90078125 0.146875 0.1640625