0 0.67734375 0.15703125 0.1359375 0.1734375
2 0.62421875 0.87890625 0.1125 0.1171875
0 0.43359375 0.7109375 0.1265625 0.1609375
0 0.4171875 0.496875 0.14375 0.1546875
0 0.92265625 0.6546875 0.11875 0.16875
0 0.58515625 0.65390625 0.1359375 0.190625
3 0.92265625 0.3484375 0.1140625 0.1296875
2 0.25 0.55859375 0.096875 0.1109375
0 0.46953125 0.9046875 0.14375 0.1828125
1 0.190625 0.3203125 0.1328125 0.14375
0 0.84375 0.134375 0.1265625 0.1375
4 0.38515625 0.31328125 0.1203125 0.14375
1 0.20625 0.75625 0.1140625 0.1265625
3 0.7421875 0.6796875 0.1125 0.1453125
2 0.66640625 0.3796875 0.1078125 0.153125
4 0.09453125 0.51796875 0.1203125 0.159375
1 0.28203125 0.109375 0.11875 0.140625
1 0.11015625 0.12890625 0.103125 0.121875
1 0.46015625 0.140625 0.1109375 0.134375
1 0.81953125 0.9046875 0.128125 0.146875