1 0.5265625 0.80859375 0.1203125 0.1390625
1 0.75703125 0.92734375 0.125 0.13671875
0 0.4546875 0.56484375 0.14375 0.1375
1 0.08515625 0.496875 0.1078125 0.1375
2 0.25546875 0.46328125 0.115625 0.11796875
0 0.35625 0.90546875 0.11796875 0.1484375
1 0.11953125 0.725 0.12890625 0.1578125
0 0.0671875 0.29609375 0.10625 0.16875
0 0.9296875 0.26796875 0.12421875 0.13515625
4 0.63125 0.52265625 0.109375 0.1359375
3 0.69921875 0.70625 0.1140625 0.1328125
4 0.31015625 0.64765625 0.10859375 0.13515625
2 0.92109375 0.85 0.09375 0.12578125
3 0.8484375 0.45078125 0.103125 0.1140625
1 0.64140625 0.2859375 0.13125 0.13984375
2 0.27109375 0.16484375 0.09921875 0.1375
4 0.1015625 0.11796875 0.11015625 0.13984375
3 0.1421875 0.92421875 0.10546875 0.12421875
0 0.78125 0.19375 0.13671875 0.14140625
3 0.46328125 0.284375 0.125 0.13984375