1 0.53671875 0.58125 0.134375 0.146875
0 0.7671875 0.175 0.1359375 0.1578125
0 0.93046875 0.3765625 0.1390625 0.196875
3 0.7671875 0.353125 0.1234375 0.1515625
4 0.3796875 0.59140625 0.1265625 0.1578125
2 0.4984375 0.11953125 0.121875 0.15
0 0.35 0.078125 0.146875 0.1453125
3 0.64296875 0.396875 0.1234375 0.1578125
4 0.178125 0.7546875 0.115625 0.134375
0 0.12578125 0.528125 0.1484375 0.19375
2 0.40703125 0.41640625 0.109375 0.134375
0 0.1265625 0.25078125 0.15 0.165625
2 0.56796875 0.8359375 0.1203125 0.1375
4 0.93515625 0.1625 0.1296875 0.15625
4 0.83671875 0.909375 0.121875 0.146875
1 0.7375 0.64375 0.1328125 0.15
4 0.8890625 0.6375 0.1203125 0.134375
1 0.40546875 0.81640625 0.115625 0.1265625
4 0.17109375 0.04375 0.1171875 0.0875
0 0.259375 0.34140625 0.1421875 0.18125