1 0.7515625 0.440625 0.1140625 0.15390625
1 0.09375 0.10390625 0.1234375 0.1609375
1 0.1140625 0.7 0.10859375 0.1328125
1 0.93046875 0.66875 0.11875 0.140625
3 0.53046875 0.6453125 0.10859375 0.1265625
1 0.9015625 0.42265625 0.11171875 0.140625
0 0.103125 0.49765625 0.15390625 0.1671875
0 0.534375 0.82734375 0.125 0.178125
0 0.67734375 0.78828125 0.1328125 0.175
0 0.35625 0.45234375 0.13984375 0.1765625
2 0.93203125 0.11953125 0.10625 0.13828125
2 0.271875 0.146875 0.1015625 0.1015625
4 0.19453125 0.93046875 0.10703125 0.12734375
4 0.2734375 0.640625 0.1140625 0.1453125
2 0.67734375 0.21640625 0.08671875 0.13203125
2 0.51328125 0.446875 0.103125 0.15
4 0.3703125 0.834375 0.121875 0.14375
3 0.55078125 0.18046875 0.1234375 0.13203125
3 0.92890625 0.88671875 0.12421875 0.14375
4 0.090625 0.31796875 0.12109375 0.15703125