3 0.784375 0.63359375 0.1171875 0.146875
0 0.56796875 0.70703125 0.1546875 0.1625
2 0.70703125 0.3140625 0.1078125 0.121875
3 0.19921875 0.9171875 0.125 0.153125
3 0.22109375 0.190625 0.115625 0.15
3 0.40625 0.15859375 0.121875 0.140625
0 0.3953125 0.8375 0.1390625 0.1515625
3 0.56796875 0.88125 0.1234375 0.1484375
0 0.53671875 0.42109375 0.1625 0.1765625
3 0.840625 0.06875 0.121875 0.1375
2 0.7921875 0.80625 0.1140625 0.1171875
0 0.07578125 0.190625 0.1515625 0.19375
3 0.12734375 0.4546875 0.1234375 0.1421875
3 0.66796875 0.08125 0.1359375 0.1625
2 0.17578125 0.70859375 0.115625 0.1375
2 0.95859375 0.8265625 0.0828125 0.134375
3 0.88828125 0.22578125 0.1203125 0.1515625
3 0.94609375 0.6546875 0.103125 0.109375
3 0.35859375 0.55234375 0.1390625 0.146875
3 0.8828125 0.434375 0.128125 0.1375