1 0.23671875 0.25078125 0.10234375 0.1265625
3 0.2796875 0.56640625 0.10546875 0.15234375
3 0.775 0.1703125 0.11796875 0.12734375
2 0.134375 0.5125 0.10390625 0.11484375
4 0.18515625 0.89453125 0.121875 0.13359375
2 0.54296875 0.8765625 0.1171875 0.1375
4 0.62734375 0.30078125 0.115625 0.13984375
3 0.8828125 0.86953125 0.115625 0.14921875
0 0.44140625 0.36796875 0.12734375 0.13359375
0 0.08046875 0.21640625 0.12421875 0.12734375
2 0.7234375 0.91875 0.115625 0.14140625
2 0.4875 0.615625 0.1 0.12890625
2 0.72265625 0.73515625 0.1078125 0.140625
4 0.65625 0.51484375 0.12890625 0.16015625
3 0.39140625 0.165625 0.11875 0.13203125
3 0.8484375 0.359375 0.11328125 0.15
4 0.91875 0.53359375 0.12734375 0.14375
4 0.92890625 0.153125 0.10859375 0.14453125
4 0.0984375 0.73671875 0.1171875 0.14375
4 0.3890625 0.9 0.11015625 0.121875