1 0.5125 0.61171875 0.125 0.1421875
1 0.3 0.340625 0.121875 0.134375
1 0.1578125 0.91171875 0.1375 0.16875
1 0.2359375 0.14375 0.1140625 0.1453125
0 0.52265625 0.125 0.1328125 0.171875
3 0.678125 0.70390625 0.11875 0.1484375
3 0.07109375 0.18515625 0.11875 0.1484375
4 0.9015625 0.1109375 0.1140625 0.13125
2 0.74375 0.89765625 0.1078125 0.1203125
0 0.50859375 0.80234375 0.140625 0.178125
4 0.1015625 0.38125 0.1421875 0.1578125
3 0.31328125 0.80859375 0.121875 0.128125
3 0.909375 0.8703125 0.128125 0.1546875
2 0.89765625 0.58046875 0.1203125 0.134375
2 0.8875 0.36796875 0.1296875 0.1578125
4 0.7140625 0.4453125 0.1125 0.1375
3 0.76171875 0.20546875 0.128125 0.146875
4 0.09609375 0.6140625 0.14375 0.171875
4 0.26640625 0.5828125 0.1515625 0.16875
3 0.471875 0.38046875 0.1140625 0.125