1 0.16953125 0.13671875 0.1109375 0.14140625
1 0.92421875 0.7296875 0.11328125 0.134375
1 0.93046875 0.28203125 0.109375 0.14140625
0 0.7859375 0.834375 0.146875 0.16875
2 0.371875 0.74765625 0.10625 0.109375
2 0.48203125 0.13515625 0.10703125 0.121875
2 0.125 0.32265625 0.103125 0.11796875
0 0.27421875 0.92421875 0.13671875 0.1484375
0 0.12265625 0.85234375 0.11875 0.1296875
4 0.1125 0.590625 0.1046875 0.13046875
0 0.45625 0.925 0.1375 0.14609375
3 0.62578125 0.87578125 0.11640625 0.15
3 0.75703125 0.21171875 0.11328125 0.146875
3 0.56328125 0.36953125 0.103125 0.11953125
2 0.765625 0.64765625 0.11796875 0.14296875
4 0.94609375 0.54453125 0.10625 0.153125
3 0.30390625 0.196875 0.1125 0.13046875
3 0.3203125 0.4234375 0.10234375 0.13984375
4 0.61953125 0.66640625 0.11875 0.15
4 0.71171875 0.41328125 0.11484375 0.16015625