2 0.696875 0.81484375 0.1046875 0.1171875
1 0.1328125 0.134375 0.121875 0.1546875
3 0.490625 0.5484375 0.1171875 0.14375
3 0.6375 0.6296875 0.13125 0.1390625
4 0.86796875 0.10625 0.11875 0.134375
0 0.45859375 0.40234375 0.140625 0.1609375
0 0.14453125 0.32734375 0.14375 0.1875
1 0.321875 0.57109375 0.1265625 0.1453125
0 0.31484375 0.21171875 0.1515625 0.1859375
2 0.6375 0.31484375 0.1015625 0.1296875
2 0.3625 0.78671875 0.11875 0.125
3 0.30859375 0.41171875 0.121875 0.159375
2 0.53515625 0.8171875 0.1203125 0.1375
4 0.64296875 0.13984375 0.1328125 0.1421875
3 0.15703125 0.92265625 0.1203125 0.1546875
3 0.82890625 0.7890625 0.10625 0.140625
2 0.89375 0.3828125 0.1140625 0.15625
4 0.11484375 0.61328125 0.1375 0.1875
3 0.4875 0.1140625 0.109375 0.1234375
4 0.85546875 0.5859375 0.134375 0.14375