1 0.78828125 0.30625 0.125 0.140625
2 0.15703125 0.10078125 0.115625 0.11875
0 0.70625 0.90859375 0.1421875 0.1578125
3 0.0890625 0.6265625 0.121875 0.1484375
2 0.6265625 0.67265625 0.1171875 0.128125
0 0.1109375 0.3578125 0.1359375 0.1546875
1 0.15390625 0.85703125 0.1171875 0.1375
0 0.33046875 0.12578125 0.1234375 0.178125
0 0.93203125 0.2671875 0.1359375 0.178125
4 0.9453125 0.4875 0.109375 0.146875
3 0.88984375 0.92734375 0.1296875 0.1453125
4 0.46015625 0.62109375 0.1203125 0.1375
4 0.30859375 0.57734375 0.1328125 0.1515625
4 0.4765625 0.15 0.1234375 0.1375
3 0.38125 0.33359375 0.121875 0.1515625
4 0.37265625 0.828125 0.1328125 0.15625
4 0.61484375 0.1703125 0.1265625 0.165625
3 0.63828125 0.490625 0.1421875 0.1453125
2 0.7953125 0.675 0.1078125 0.1375
4 0.53203125 0.834375 0.1234375 0.1234375