1 0.065625 0.4984375 0.128125 0.1546875
1 0.7625 0.821875 0.1203125 0.1359375
2 0.91953125 0.25625 0.1078125 0.1265625
0 0.11015625 0.29453125 0.1328125 0.1875
2 0.59140625 0.39765625 0.11875 0.1625
0 0.67578125 0.2078125 0.1375 0.1421875
3 0.04296875 0.87890625 0.0859375 0.1484375
0 0.390625 0.909375 0.1296875 0.1375
3 0.39609375 0.56796875 0.1296875 0.140625
0 0.06875 0.6796875 0.1375 0.153125
0 0.20546875 0.515625 0.13125 0.1546875
2 0.58671875 0.8390625 0.128125 0.1390625
2 0.52421875 0.1203125 0.125 0.13125
3 0.73671875 0.39453125 0.109375 0.1421875
0 0.56171875 0.63125 0.1359375 0.1765625
4 0.39609375 0.3234375 0.14375 0.184375
3 0.76328125 0.5671875 0.13125 0.1375
4 0.17265625 0.07734375 0.1296875 0.1546875
3 0.2953125 0.13359375 0.121875 0.1515625
1 0.25078125 0.728125 0.13125 0.159375