1 0.125 0.72734375 0.1390625 0.1578125
1 0.81484375 0.390625 0.13125 0.1578125
1 0.28984375 0.690625 0.13125 0.1390625
0 0.85546875 0.84609375 0.1421875 0.15
0 0.91875 0.615625 0.140625 0.1578125
2 0.70078125 0.5875 0.1125 0.1265625
4 0.71171875 0.1890625 0.13125 0.1359375
1 0.3453125 0.91796875 0.1328125 0.1640625
2 0.16640625 0.93828125 0.1265625 0.1234375
0 0.7 0.81640625 0.140625 0.184375
2 0.453125 0.55859375 0.1296875 0.15625
4 0.46484375 0.15546875 0.1234375 0.1390625
0 0.84453125 0.08046875 0.1734375 0.1609375
0 0.44375 0.3515625 0.13125 0.1796875
4 0.06171875 0.28671875 0.1234375 0.1578125
4 0.1265625 0.51171875 0.1515625 0.184375
4 0.28046875 0.39375 0.1234375 0.1453125
0 0.1953125 0.203125 0.14375 0.1828125
3 0.62890625 0.403125 0.128125 0.1390625
1 0.51875 0.7484375 0.13125 0.153125