1 0.925 0.5125 0.15 0.178125
2 0.2078125 0.17109375 0.1359375 0.1421875
2 0.4875 0.82734375 0.115625 0.121875
1 0.571875 0.09765625 0.1484375 0.1578125
1 0.80546875 0.7359375 0.1265625 0.15
0 0.83203125 0.3453125 0.1578125 0.1515625
4 0.42421875 0.63125 0.146875 0.16875
2 0.0625 0.4859375 0.125 0.1625
0 0.48203125 0.21015625 0.1296875 0.165625
2 0.6765625 0.575 0.1484375 0.1671875
0 0.3609375 0.3421875 0.1515625 0.1984375
0 0.68515625 0.76015625 0.146875 0.1921875
3 0.6484375 0.31953125 0.134375 0.153125
4 0.25546875 0.840625 0.1296875 0.1421875
2 0.9453125 0.7046875 0.109375 0.146875
4 0.09921875 0.69140625 0.140625 0.165625
4 0.5390625 0.4 0.1375 0.1484375
2 0.05546875 0.24453125 0.1109375 0.1421875
3 0.21484375 0.51875 0.15625 0.1765625
4 0.7671875 0.09609375 0.15 0.165625