1 0.3921875 0.46875 0.1046875 0.125
0 0.83125 0.271875 0.1296875 0.14609375
3 0.4953125 0.66015625 0.10625 0.12734375
2 0.4359375 0.8859375 0.09453125 0.10703125
2 0.659375 0.66796875 0.1046875 0.10546875
2 0.28671875 0.88203125 0.0953125 0.1109375
2 0.71875 0.46640625 0.11875 0.1265625
2 0.1671875 0.4390625 0.10625 0.12890625
2 0.7203125 0.865625 0.1015625 0.1046875
0 0.465625 0.28125 0.1390625 0.17265625
4 0.14453125 0.6296875 0.1171875 0.14375
0 0.90234375 0.54921875 0.12265625 0.14375
3 0.5640625 0.90234375 0.11640625 0.1421875
4 0.94296875 0.92265625 0.09453125 0.12578125
2 0.1296875 0.8765625 0.09921875 0.1296875
4 0.61875 0.2875 0.1390625 0.1515625
3 0.0984375 0.13203125 0.1171875 0.134375
4 0.3140625 0.66484375 0.11015625 0.13828125
2 0.896875 0.7421875 0.103125 0.1390625
1 0.253125 0.221875 0.11328125 0.1515625