0 0.43046875 0.196875 0.1578125 0.16875
0 0.07890625 0.5875 0.1515625 0.175
0 0.63828125 0.1578125 0.15 0.175
0 0.87734375 0.340625 0.1296875 0.1734375
4 0.95859375 0.17890625 0.0828125 0.1421875
1 0.35 0.59609375 0.121875 0.14375
1 0.8234375 0.1484375 0.1390625 0.1484375
0 0.82109375 0.93046875 0.1671875 0.1390625
3 0.034375 0.7734375 0.06875 0.15625
1 0.20625 0.428125 0.140625 0.16875
3 0.709375 0.55859375 0.140625 0.1671875
3 0.6765625 0.7640625 0.1109375 0.1328125
1 0.23671875 0.23671875 0.1265625 0.15625
3 0.19453125 0.04921875 0.1421875 0.0984375
3 0.515625 0.65078125 0.14375 0.165625
4 0.38515625 0.38515625 0.125 0.1421875
2 0.41640625 0.8828125 0.121875 0.146875
4 0.8828125 0.52734375 0.146875 0.1578125
3 0.28046875 0.8265625 0.15 0.159375
3 0.70625 0.35390625 0.1484375 0.1546875