0 0.62109375 0.78671875 0.134375 0.1484375
0 0.89921875 0.340625 0.12578125 0.15546875
0 0.4234375 0.8609375 0.125 0.15625
0 0.15625 0.72265625 0.10390625 0.15703125
4 0.0828125 0.9 0.10703125 0.125
1 0.63125 0.37890625 0.10078125 0.128125
1 0.2421875 0.90234375 0.11796875 0.13046875
0 0.10390625 0.10546875 0.1390625 0.17109375
3 0.94296875 0.14453125 0.1109375 0.13984375
1 0.8015625 0.51953125 0.11640625 0.15078125
3 0.28359375 0.47890625 0.11640625 0.14921875
3 0.28046875 0.2703125 0.09140625 0.11875
1 0.8046875 0.71328125 0.10390625 0.13984375
3 0.884375 0.921875 0.11875 0.14375
3 0.45859375 0.35390625 0.1203125 0.146875
4 0.6328125 0.59296875 0.1046875 0.1265625
2 0.515625 0.10859375 0.1 0.13125
4 0.11796875 0.53984375 0.12421875 0.13828125
3 0.659375 0.140625 0.128125 0.13984375
3 0.321875 0.6796875 0.12734375 0.134375