1 0.49765625 0.3875 0.1140625 0.1328125
1 0.68515625 0.6765625 0.1109375 0.125
1 0.8765625 0.11953125 0.125 0.159375
1 0.73203125 0.878125 0.103125 0.1375
0 0.44453125 0.871875 0.11875 0.1625
3 0.340625 0.28125 0.1078125 0.1390625
3 0.9 0.85078125 0.10625 0.140625
4 0.06640625 0.85234375 0.103125 0.121875
2 0.2921875 0.0828125 0.0984375 0.1125
0 0.51796875 0.1984375 0.1265625 0.1671875
4 0.88671875 0.653125 0.13125 0.146875
3 0.71328125 0.20859375 0.1125 0.11875
3 0.12421875 0.0953125 0.115625 0.14375
2 0.1109375 0.38515625 0.109375 0.125
2 0.10234375 0.59765625 0.11875 0.146875
4 0.28203125 0.5359375 0.1015625 0.1296875
3 0.21328125 0.7703125 0.115625 0.1375
4 0.9125 0.421875 0.13125 0.1609375
4 0.73984375 0.4375 0.1390625 0.15625
3 0.5171875 0.621875 0.103125 0.115625