1 0.49453125 0.809375 0.134375 0.1515625
1 0.71015625 0.93828125 0.1390625 0.1234375
0 0.4484375 0.559375 0.1578125 0.1515625
1 0.0875 0.45390625 0.121875 0.1484375
2 0.2609375 0.43828125 0.1265625 0.1296875
0 0.31484375 0.88828125 0.1328125 0.159375
1 0.0984375 0.684375 0.1453125 0.1703125
0 0.090625 0.25234375 0.1234375 0.1796875
0 0.94140625 0.3140625 0.1171875 0.146875
4 0.628125 0.5359375 0.1234375 0.146875
3 0.6765625 0.72578125 0.1265625 0.14375
4 0.29609375 0.62734375 0.121875 0.1453125
2 0.88203125 0.8921875 0.10625 0.134375
3 0.8515625 0.4875 0.1140625 0.1234375
1 0.66328125 0.3015625 0.1453125 0.153125
2 0.30703125 0.14296875 0.1125 0.146875
4 0.14375 0.078125 0.1234375 0.15
3 0.1 0.884375 0.1171875 0.134375
0 0.81171875 0.225 0.15 0.1546875
3 0.4859375 0.28203125 0.1390625 0.1515625