0 0.29296875 0.1296875 0.14453125 0.18828125
1 0.8125 0.11015625 0.109375 0.1390625
0 0.08203125 0.903125 0.13125 0.1765625
0 0.33125 0.58984375 0.1484375 0.17265625
2 0.14921875 0.42109375 0.10390625 0.125
2 0.846875 0.88984375 0.11796875 0.12734375
0 0.296875 0.31796875 0.140625 0.15703125
0 0.49375 0.5890625 0.1125 0.1671875
2 0.81484375 0.3203125 0.096875 0.121875
4 0.49609375 0.40078125 0.1109375 0.128125
2 0.2546875 0.90078125 0.103125 0.134375
4 0.73671875 0.565625 0.103125 0.134375
0 0.89140625 0.61953125 0.12265625 0.15859375
4 0.103125 0.159375 0.1109375 0.12421875
4 0.68515625 0.775 0.11875 0.14453125
4 0.49765625 0.7765625 0.13515625 0.153125
4 0.621875 0.3203125 0.11953125 0.159375
4 0.665625 0.134375 0.10546875 0.1359375
1 0.140625 0.6640625 0.11328125 0.1375
3 0.4796875 0.1078125 0.125 0.1375