1 0.6328125 0.32421875 0.11875 0.1359375
2 0.4171875 0.93125 0.121875 0.1375
1 0.440625 0.4859375 0.1265625 0.1578125
0 0.58359375 0.7796875 0.1421875 0.184375
1 0.89765625 0.859375 0.1203125 0.1546875
4 0.26796875 0.49296875 0.1296875 0.1359375
0 0.5640625 0.12578125 0.13125 0.165625
4 0.734375 0.13984375 0.1265625 0.1546875
2 0.33046875 0.66015625 0.1109375 0.1203125
4 0.896875 0.41640625 0.11875 0.1421875
3 0.11328125 0.61171875 0.125 0.165625
2 0.2046875 0.93046875 0.134375 0.1390625
2 0.88671875 0.2078125 0.1015625 0.1234375
4 0.740625 0.77578125 0.1296875 0.1640625
0 0.615625 0.56796875 0.1328125 0.1859375
0 0.934375 0.59140625 0.13125 0.1515625
3 0.76875 0.5546875 0.128125 0.1625
1 0.09375 0.23828125 0.1171875 0.13125
4 0.4359375 0.14375 0.1328125 0.1640625
2 0.21328125 0.25703125 0.109375 0.1453125