0 0.62265625 0.8890625 0.1390625 0.184375
0 0.20859375 0.896875 0.1265625 0.1421875
4 0.57265625 0.125 0.121875 0.14375
0 0.5625 0.41328125 0.1265625 0.1765625
0 0.30859375 0.7515625 0.1484375 0.184375
4 0.46796875 0.81640625 0.109375 0.134375
3 0.1625 0.36953125 0.1140625 0.1390625
1 0.58203125 0.5953125 0.1171875 0.140625
3 0.42421875 0.33828125 0.121875 0.153125
1 0.75390625 0.37734375 0.10625 0.1328125
0 0.11328125 0.178125 0.125 0.18125
0 0.7515625 0.1234375 0.1109375 0.1765625
1 0.31015625 0.1578125 0.1296875 0.159375
1 0.059375 0.88359375 0.11875 0.1453125
2 0.0671875 0.67734375 0.1046875 0.128125
3 0.921875 0.3578125 0.125 0.134375
2 0.9203125 0.1296875 0.115625 0.153125
3 0.35546875 0.5546875 0.121875 0.140625
4 0.8015625 0.9046875 0.1390625 0.1546875
2 0.79453125 0.59921875 0.1046875 0.125