1 0.51171875 0.8984375 0.115625 0.1375
2 0.0796875 0.2546875 0.1109375 0.121875
0 0.88671875 0.82734375 0.13125 0.1546875
4 0.15390625 0.73671875 0.096875 0.1109375
2 0.90546875 0.43359375 0.090625 0.109375
0 0.44921875 0.4234375 0.1296875 0.1359375
3 0.7265625 0.9125 0.115625 0.134375
3 0.359375 0.20625 0.11875 0.1390625
2 0.89296875 0.6296875 0.103125 0.128125
2 0.57265625 0.1234375 0.1234375 0.14375
4 0.71171875 0.728125 0.1125 0.134375
0 0.54921875 0.6109375 0.15625 0.1875
2 0.7296875 0.51953125 0.103125 0.134375
4 0.3625 0.69765625 0.11875 0.1390625
1 0.23828125 0.534375 0.103125 0.125
4 0.7625 0.1515625 0.121875 0.159375
1 0.34453125 0.90859375 0.1234375 0.146875
4 0.1109375 0.92890625 0.121875 0.140625
4 0.0890625 0.48046875 0.115625 0.134375
4 0.90625 0.17578125 0.109375 0.1375