0 0.86328125 0.8703125 0.1671875 0.1953125
0 0.378125 0.45 0.1578125 0.1953125
3 0.51484375 0.915625 0.1375 0.1625
4 0.47421875 0.7171875 0.14375 0.15625
3 0.3609375 0.290625 0.13125 0.1640625
0 0.73828125 0.82109375 0.134375 0.1703125
0 0.55 0.5140625 0.1796875 0.1921875
4 0.1765625 0.81171875 0.1375 0.1484375
0 0.64140625 0.221875 0.18125 0.2015625
4 0.0578125 0.83203125 0.115625 0.1609375
4 0.9328125 0.44453125 0.134375 0.1609375
2 0.80703125 0.5921875 0.1328125 0.1609375
4 0.96484375 0.23359375 0.0703125 0.1640625
0 0.16875 0.3265625 0.1703125 0.2
3 0.08359375 0.5140625 0.128125 0.14375
4 0.42890625 0.0890625 0.1390625 0.1625
1 0.78203125 0.26171875 0.134375 0.1578125
1 0.1828125 0.0984375 0.146875 0.1734375
1 0.22265625 0.58203125 0.1453125 0.18125
2 0.375 0.91171875 0.11875 0.14375