3 0.940625 0.53046875 0.11875 0.1515625
3 0.36796875 0.15625 0.153125 0.1859375
3 0.303125 0.38984375 0.1484375 0.175
3 0.66875 0.7734375 0.1390625 0.16875
0 0.64296875 0.27578125 0.1515625 0.190625
0 0.32734375 0.63125 0.15 0.1703125
4 0.5046875 0.35703125 0.1359375 0.1484375
3 0.1875 0.75078125 0.14375 0.175
2 0.103125 0.1859375 0.1171875 0.1390625
4 0.83125 0.78984375 0.1328125 0.1515625
0 0.12421875 0.453125 0.15625 0.175
4 0.83125 0.21875 0.140625 0.1625
2 0.95546875 0.76484375 0.0890625 0.1703125
4 0.5203125 0.884375 0.1359375 0.1421875
2 0.6625 0.5671875 0.1296875 0.153125
4 0.3578125 0.9015625 0.165625 0.19375
3 0.78359375 0.02890625 0.1421875 0.0578125
3 0.48203125 0.59375 0.1421875 0.171875
1 0.1921875 0.925 0.15 0.15
3 0.5203125 0.071875 0.1375 0.14375