1 0.49140625 0.14375 0.1453125 0.1546875
1 0.42421875 0.4859375 0.134375 0.15
3 0.94140625 0.82578125 0.1171875 0.1640625
0 0.084375 0.3859375 0.16875 0.196875
1 0.9109375 0.2578125 0.1390625 0.165625
0 0.70703125 0.68671875 0.1390625 0.1609375
0 0.59921875 0.87734375 0.134375 0.175
0 0.784375 0.4390625 0.1515625 0.1828125
4 0.79609375 0.875 0.11875 0.1421875
0 0.2546875 0.36484375 0.1296875 0.184375
2 0.3984375 0.865625 0.1296875 0.16875
0 0.8625 0.6453125 0.1234375 0.1640625
3 0.51953125 0.66484375 0.134375 0.175
3 0.21484375 0.940625 0.1328125 0.11875
0 0.19296875 0.1796875 0.1671875 0.19375
1 0.56640625 0.39921875 0.1265625 0.1484375
0 0.21484375 0.74453125 0.1171875 0.13125
4 0.20078125 0.57265625 0.11875 0.1421875
2 0.79921875 0.07890625 0.1203125 0.1453125
0 0.67578125 0.140625 0.15 0.184375