0 0.7453125 0.2703125 0.134375 0.1859375
0 0.2234375 0.8875 0.1375 0.1765625
1 0.4703125 0.175 0.13125 0.15
0 0.29140625 0.696875 0.1234375 0.1359375
4 0.8703125 0.728125 0.1265625 0.1546875
0 0.7484375 0.93203125 0.14375 0.1359375
4 0.5703125 0.4109375 0.128125 0.140625
0 0.49453125 0.5828125 0.1453125 0.146875
4 0.9265625 0.221875 0.11875 0.1328125
4 0.56171875 0.79453125 0.1265625 0.1453125
4 0.290625 0.153125 0.13125 0.1484375
3 0.11875 0.44375 0.1234375 0.140625
4 0.69765625 0.7265625 0.1453125 0.1609375
3 0.059375 0.8953125 0.11875 0.140625
3 0.284375 0.45390625 0.128125 0.13125
3 0.078125 0.6796875 0.1265625 0.1453125
3 0.10625 0.22578125 0.13125 0.1609375
1 0.7359375 0.46875 0.1296875 0.15625
2 0.371875 0.9328125 0.1015625 0.125
2 0.9109375 0.5109375 0.121875 0.15