1 0.6921875 0.6234375 0.115625 0.1265625
1 0.12734375 0.190625 0.09765625 0.13046875
3 0.575 0.41015625 0.12109375 0.14296875
2 0.91328125 0.928125 0.10390625 0.13125
4 0.36640625 0.56953125 0.1203125 0.1359375
0 0.371875 0.78984375 0.11640625 0.153125
2 0.540625 0.7890625 0.09609375 0.11953125
2 0.771875 0.92890625 0.11015625 0.12890625
0 0.15546875 0.37109375 0.12109375 0.13359375
0 0.41640625 0.38984375 0.14375 0.184375
2 0.76640625 0.35390625 0.09453125 0.128125
0 0.5359375 0.62265625 0.1140625 0.1484375
3 0.70546875 0.17265625 0.10546875 0.1375
3 0.84140625 0.703125 0.0984375 0.11875
0 0.940625 0.31953125 0.1125 0.15859375
2 0.109375 0.8609375 0.10859375 0.12578125
1 0.90234375 0.48359375 0.1140625 0.14921875
4 0.9359375 0.1390625 0.125 0.13984375
1 0.20703125 0.62890625 0.10390625 0.13671875