0 0.60234375 0.32109375 0.1578125 0.2046875
2 0.8671875 0.10390625 0.1171875 0.1390625
4 0.925 0.8203125 0.15 0.18125
3 0.85078125 0.590625 0.134375 0.153125
3 0.3015625 0.90625 0.146875 0.153125
3 0.59453125 0.571875 0.1328125 0.1625
4 0.44296875 0.19921875 0.140625 0.1625
4 0.6015625 0.0984375 0.1328125 0.153125
3 0.12890625 0.478125 0.13125 0.1484375
4 0.81328125 0.315625 0.1328125 0.153125
2 0.3203125 0.41640625 0.121875 0.1390625
2 0.23984375 0.2078125 0.1203125 0.1421875
2 0.628125 0.80625 0.1328125 0.1515625
2 0.44140625 0.39921875 0.1234375 0.15
1 0.23984375 0.7328125 0.134375 0.15625
4 0.76953125 0.81171875 0.1296875 0.146875
2 0.0671875 0.26015625 0.134375 0.1515625
2 0.453125 0.89609375 0.1359375 0.1625
1 0.15390625 0.93828125 0.1390625 0.1234375
4 0.3984375 0.66328125 0.1203125 0.1375