0 0.83828125 0.1640625 0.1390625 0.134375
0 0.54375 0.70546875 0.1375 0.153125
0 0.38125 0.4375 0.11875 0.165625
0 0.765625 0.36328125 0.1390625 0.178125
0 0.915625 0.6953125 0.1453125 0.15
4 0.19921875 0.1203125 0.109375 0.1234375
3 0.5921875 0.13046875 0.1375 0.15
4 0.059375 0.48671875 0.109375 0.13125
3 0.19765625 0.72578125 0.109375 0.1484375
4 0.57265625 0.9265625 0.1171875 0.125
1 0.740625 0.63515625 0.1078125 0.1453125
4 0.0515625 0.909375 0.103125 0.128125
1 0.36171875 0.6390625 0.1296875 0.153125
3 0.34140625 0.84375 0.1296875 0.1515625
4 0.40703125 0.25859375 0.1265625 0.146875
4 0.23046875 0.3640625 0.1203125 0.1546875
1 0.61328125 0.49765625 0.10625 0.1359375
2 0.73515625 0.93203125 0.1046875 0.1359375
3 0.88984375 0.9234375 0.1125 0.1515625
4 0.9015625 0.525 0.1046875 0.1359375