0 0.91796875 0.559375 0.1203125 0.15625
1 0.81484375 0.778125 0.1171875 0.1328125
0 0.7765625 0.0875 0.1625 0.171875
4 0.2515625 0.25703125 0.1234375 0.1546875
2 0.303125 0.6828125 0.1078125 0.1296875
1 0.61640625 0.81015625 0.1265625 0.140625
4 0.07421875 0.59140625 0.140625 0.1640625
2 0.2890625 0.896875 0.11875 0.13125
1 0.22109375 0.5046875 0.121875 0.1546875
2 0.68203125 0.6046875 0.13125 0.1375
3 0.54921875 0.18984375 0.1234375 0.146875
3 0.46328125 0.80625 0.14375 0.1546875
1 0.12265625 0.8421875 0.13125 0.153125
3 0.5328125 0.378125 0.14375 0.18125
3 0.871875 0.3234375 0.1328125 0.1578125
2 0.3890625 0.12890625 0.125 0.1484375
2 0.4 0.490625 0.1296875 0.159375
2 0.06171875 0.12265625 0.1203125 0.1390625
2 0.696875 0.37421875 0.13125 0.1578125
4 0.08828125 0.3375 0.1109375 0.159375