1 0.340625 0.37109375 0.115625 0.125
1 0.66484375 0.07578125 0.1171875 0.146875
0 0.24375 0.56484375 0.1234375 0.1875
2 0.890625 0.19921875 0.1078125 0.11875
2 0.89453125 0.42109375 0.1046875 0.128125
0 0.5390625 0.88828125 0.14375 0.165625
3 0.17109375 0.8640625 0.1109375 0.1453125
2 0.721875 0.46875 0.115625 0.1296875
3 0.4734375 0.06796875 0.109375 0.13125
3 0.92421875 0.6296875 0.1171875 0.1546875
0 0.50859375 0.6796875 0.1390625 0.2
3 0.07421875 0.40078125 0.11875 0.14375
4 0.503125 0.3734375 0.125 0.134375
0 0.86796875 0.80625 0.11875 0.1640625
3 0.33828125 0.7734375 0.1109375 0.1359375
4 0.71875 0.78046875 0.1 0.1296875
1 0.08359375 0.1625 0.10625 0.1296875
4 0.3171875 0.178125 0.1234375 0.140625
4 0.6984375 0.28671875 0.125 0.1390625
3 0.05625 0.63515625 0.10625 0.1265625