0 0.92734375 0.79453125 0.1375 0.171875
0 0.37109375 0.47421875 0.12734375 0.1734375
3 0.59375 0.90546875 0.11171875 0.14453125
4 0.51640625 0.71796875 0.11953125 0.13671875
3 0.3234375 0.32109375 0.10546875 0.146875
0 0.7953125 0.76953125 0.1078125 0.15234375
0 0.5515625 0.50390625 0.15 0.1671875
4 0.2421875 0.86796875 0.115625 0.128125
0 0.5859375 0.2 0.15 0.1765625
4 0.1140625 0.91328125 0.1234375 0.140625
4 0.9203125 0.36171875 0.121875 0.140625
2 0.81875 0.53203125 0.10703125 0.14375
4 0.9390625 0.14296875 0.11328125 0.1453125
0 0.14140625 0.39296875 0.1390625 0.1765625
3 0.09375 0.59296875 0.10546875 0.1265625
4 0.3515625 0.11015625 0.11328125 0.14296875
1 0.73125 0.2125 0.109375 0.1390625
1 0.11171875 0.16640625 0.11953125 0.153125
1 0.24375 0.63359375 0.11640625 0.16171875
2 0.45625 0.928125 0.0953125 0.128125