1 0.77578125 0.75234375 0.128125 0.146875
0 0.921875 0.71484375 0.15625 0.2078125
0 0.4125 0.14921875 0.1796875 0.19375
0 0.91953125 0.51875 0.1609375 0.203125
0 0.75703125 0.32578125 0.146875 0.15
2 0.03671875 0.2984375 0.0734375 0.146875
4 0.75234375 0.55703125 0.125 0.140625
2 0.071875 0.54140625 0.1390625 0.1453125
0 0.5015625 0.33828125 0.15 0.165625
2 0.434375 0.71875 0.1453125 0.1703125
0 0.2109375 0.36953125 0.16875 0.16875
2 0.2234375 0.1734375 0.1421875 0.1546875
0 0.828125 0.08359375 0.18125 0.1671875
4 0.27890625 0.80234375 0.1484375 0.1625
4 0.2625 0.59765625 0.1296875 0.146875
2 0.52890625 0.5328125 0.1359375 0.159375
4 0.1453125 0.92734375 0.134375 0.1453125
1 0.62421875 0.078125 0.128125 0.1515625
3 0.11015625 0.70390625 0.1296875 0.15
4 0.5859375 0.7109375 0.1375 0.1453125