1 0.090625 0.3765625 0.11875 0.15234375
2 0.696875 0.89296875 0.109375 0.1171875
2 0.596875 0.18671875 0.0921875 0.10078125
1 0.3265625 0.8703125 0.11875 0.13125
1 0.26640625 0.19296875 0.096875 0.1296875
0 0.1390625 0.56328125 0.13125 0.121875
4 0.60703125 0.39296875 0.1140625 0.14453125
2 0.93125 0.62890625 0.1203125 0.1359375
0 0.4421875 0.784375 0.09609375 0.1453125
2 0.3484375 0.38203125 0.115625 0.14140625
0 0.59375 0.68828125 0.109375 0.1765625
0 0.38828125 0.20078125 0.10703125 0.1703125
3 0.31015625 0.6359375 0.1046875 0.1296875
4 0.82421875 0.234375 0.1015625 0.11953125
2 0.1140625 0.184375 0.096875 0.1265625
4 0.93671875 0.41875 0.1078125 0.1421875
4 0.43671875 0.58671875 0.10859375 0.125
2 0.86640625 0.8625 0.08828125 0.12421875
3 0.78046875 0.55546875 0.121875 0.15
4 0.1375 0.82109375 0.11796875 0.1390625