0 0.2015625 0.22265625 0.1796875 0.2171875
2 0.834375 0.7421875 0.13125 0.14375
1 0.43671875 0.8734375 0.146875 0.159375
2 0.40625 0.3265625 0.140625 0.1484375
2 0.6296875 0.87890625 0.125 0.1328125
0 0.3359375 0.68515625 0.16875 0.153125
3 0.70625 0.675 0.134375 0.1625
2 0.58515625 0.4578125 0.115625 0.1375
0 0.5578125 0.63984375 0.165625 0.20625
2 0.70546875 0.20546875 0.1328125 0.1375
2 0.32578125 0.06640625 0.1390625 0.1328125
2 0.7421875 0.43046875 0.134375 0.15625
2 0.53125 0.08984375 0.1359375 0.1625
2 0.215625 0.83046875 0.13125 0.1546875
0 0.89921875 0.475 0.1578125 0.1984375
3 0.95234375 0.2375 0.0953125 0.153125
4 0.15390625 0.03515625 0.1359375 0.0703125
3 0.78515625 0.93515625 0.1359375 0.1296875
1 0.20859375 0.453125 0.14375 0.1625
2 0.0484375 0.72421875 0.096875 0.1734375