1 0.51796875 0.3703125 0.1109375 0.128125
1 0.58828125 0.61796875 0.11796875 0.1359375
1 0.8984375 0.4828125 0.10625 0.13046875
2 0.0890625 0.375 0.1125 0.125
0 0.3859375 0.128125 0.11015625 0.1734375
0 0.69296875 0.13984375 0.11953125 0.14609375
2 0.1421875 0.15625 0.1015625 0.11953125
0 0.471875 0.83046875 0.1390625 0.1390625
2 0.5390625 0.17109375 0.1140625 0.12578125
3 0.73984375 0.42890625 0.11328125 0.1359375
3 0.4234375 0.6328125 0.1234375 0.1421875
2 0.63515625 0.80390625 0.09765625 0.11640625
3 0.796875 0.66640625 0.10078125 0.12890625
2 0.3609375 0.35390625 0.109375 0.128125
4 0.77421875 0.90234375 0.12734375 0.14921875
2 0.08984375 0.8125 0.0890625 0.1140625
4 0.23203125 0.609375 0.11796875 0.134375
3 0.9390625 0.87421875 0.11328125 0.140625
0 0.9109375 0.2625 0.1421875 0.15859375
4 0.25859375 0.91875 0.1 0.13984375