0 0.52734375 0.6296875 0.096875 0.16875
0 0.309375 0.58046875 0.1234375 0.17109375
0 0.44375 0.34921875 0.14140625 0.1890625
0 0.140625 0.13828125 0.11328125 0.18203125
0 0.2296875 0.34921875 0.109375 0.17578125
1 0.85625 0.425 0.10546875 0.12578125
4 0.675 0.43125 0.11484375 0.14375
4 0.68359375 0.125 0.09921875 0.128125
1 0.78203125 0.59921875 0.109375 0.13046875
3 0.9328125 0.93671875 0.11484375 0.12578125
3 0.8453125 0.196875 0.128125 0.1421875
1 0.25078125 0.8546875 0.10703125 0.1578125
2 0.1671875 0.58359375 0.11640625 0.1484375
1 0.77265625 0.7953125 0.10546875 0.1390625
2 0.0921875 0.9046875 0.09921875 0.14140625
3 0.55390625 0.8203125 0.12421875 0.14375
1 0.4046875 0.8703125 0.1078125 0.14296875
4 0.92421875 0.7171875 0.13046875 0.14921875
3 0.28203125 0.134375 0.1171875 0.1328125
2 0.4578125 0.125 0.1015625 0.153125