3 0.17265625 0.74375 0.1203125 0.159375
1 0.05 0.78828125 0.1 0.1546875
1 0.321875 0.7984375 0.14375 0.1578125
0 0.88671875 0.6578125 0.1703125 0.1671875
0 0.28828125 0.09375 0.1640625 0.1875
2 0.9390625 0.15703125 0.115625 0.128125
4 0.12265625 0.0484375 0.1359375 0.096875
0 0.2453125 0.52890625 0.153125 0.1765625
2 0.43125 0.37578125 0.1546875 0.1765625
2 0.90390625 0.46640625 0.1328125 0.146875
4 0.6671875 0.2859375 0.140625 0.1609375
2 0.53515625 0.71328125 0.125 0.159375
2 0.42109375 0.15390625 0.1328125 0.1484375
2 0.63984375 0.0828125 0.125 0.1484375
1 0.2546875 0.33046875 0.1234375 0.15
4 0.39921875 0.62578125 0.1375 0.1640625
3 0.1 0.4875 0.1171875 0.14375
2 0.66953125 0.84296875 0.121875 0.15
4 0.6390625 0.54140625 0.14375 0.16875
4 0.85546875 0.84609375 0.13125 0.153125