0 0.7328125 0.7421875 0.125 0.1796875
0 0.24375 0.0984375 0.1296875 0.1703125
1 0.453125 0.82265625 0.1234375 0.14375
0 0.3015625 0.2921875 0.115625 0.13125
4 0.88125 0.29140625 0.11875 0.15
0 0.77109375 0.075 0.1359375 0.1421875
4 0.565625 0.59296875 0.121875 0.134375
0 0.4984375 0.4171875 0.1390625 0.140625
4 0.91171875 0.8 0.1125 0.128125
4 0.57734375 0.20859375 0.1203125 0.1390625
4 0.27265625 0.83515625 0.1234375 0.1421875
3 0.11640625 0.53671875 0.1171875 0.134375
4 0.709375 0.28359375 0.1375 0.1546875
3 0.07265625 0.08046875 0.1296875 0.134375
3 0.2828125 0.53515625 0.121875 0.125
3 0.0875 0.2984375 0.1203125 0.1390625
3 0.09296875 0.753125 0.1234375 0.1546875
1 0.73359375 0.54375 0.121875 0.15
2 0.39453125 0.0609375 0.0953125 0.1203125
2 0.9109375 0.5109375 0.115625 0.14375