0 0.3984375 0.89140625 0.12734375 0.1640625
0 0.553125 0.7875 0.1453125 0.17890625
0 0.28359375 0.603125 0.15234375 0.175
0 0.49140625 0.56171875 0.1265625 0.16171875
3 0.28046875 0.1 0.0953125 0.1421875
3 0.14765625 0.12890625 0.125 0.146875
2 0.75390625 0.290625 0.125 0.1515625
0 0.09375 0.76015625 0.12734375 0.18125
2 0.5046875 0.1328125 0.0953125 0.1125
2 0.7078125 0.8390625 0.0984375 0.11796875
3 0.56796875 0.3140625 0.0953125 0.12734375
3 0.94140625 0.1546875 0.10859375 0.121875
1 0.89921875 0.92890625 0.109375 0.12890625
1 0.8859375 0.7234375 0.11640625 0.14296875
3 0.0984375 0.52421875 0.121875 0.13515625
1 0.12109375 0.3234375 0.11796875 0.1390625
3 0.38125 0.30703125 0.11171875 0.140625
4 0.82421875 0.50625 0.1171875 0.15546875
4 0.24375 0.8578125 0.12265625 0.14609375
2 0.6609375 0.5484375 0.10234375 0.1375