0 0.51171875 0.38515625 0.15 0.165625
0 0.903125 0.1578125 0.14921875 0.18828125
0 0.284375 0.10390625 0.1421875 0.171875
0 0.61484375 0.69375 0.1421875 0.18046875
0 0.32109375 0.31953125 0.13515625 0.14921875
3 0.7390625 0.4265625 0.11328125 0.13359375
3 0.4484375 0.79609375 0.10625 0.1578125
3 0.459375 0.5921875 0.1078125 0.125
3 0.08828125 0.840625 0.11953125 0.14765625
1 0.703125 0.2140625 0.11875 0.1484375
3 0.2734375 0.6359375 0.1265625 0.153125
4 0.83828125 0.896875 0.1265625 0.13828125
3 0.765625 0.65703125 0.12109375 0.1421875
3 0.1046875 0.09765625 0.10703125 0.12578125
3 0.246875 0.91171875 0.10625 0.14453125
1 0.9203125 0.65859375 0.11953125 0.1453125
3 0.5578125 0.165625 0.10625 0.13984375
2 0.90703125 0.35 0.0984375 0.13046875
3 0.10078125 0.49921875 0.1328125 0.14453125
3 0.5984375 0.88984375 0.1296875 0.1375