0 0.47421875 0.55 0.13203125 0.14453125
0 0.2546875 0.4859375 0.1296875 0.159375
0 0.5125 0.3359375 0.11875 0.15859375
1 0.2609375 0.1921875 0.10625 0.140625
1 0.0953125 0.18046875 0.12421875 0.13828125
3 0.89921875 0.15703125 0.10390625 0.13828125
4 0.15546875 0.9359375 0.115625 0.128125
4 0.6390625 0.8921875 0.11171875 0.1390625
2 0.34453125 0.925 0.11015625 0.13046875
1 0.64296875 0.671875 0.12109375 0.13671875
3 0.0796875 0.3734375 0.09296875 0.13671875
2 0.4765625 0.74375 0.115625 0.15703125
2 0.69296875 0.36484375 0.096875 0.11484375
2 0.915625 0.79140625 0.11015625 0.12734375
0 0.10078125 0.7140625 0.13984375 0.1625
3 0.27578125 0.66953125 0.10546875 0.14296875
2 0.89765625 0.38125 0.109375 0.1265625
2 0.7046875 0.171875 0.11328125 0.13671875
2 0.86875 0.5375 0.103125 0.12265625
4 0.45 0.11015625 0.1078125 0.12109375