0 0.30390625 0.71328125 0.146875 0.190625
0 0.0609375 0.4078125 0.121875 0.171875
0 0.82578125 0.67421875 0.15 0.1890625
0 0.25390625 0.52109375 0.159375 0.1828125
0 0.4734375 0.4609375 0.1546875 0.1984375
0 0.05546875 0.1984375 0.1109375 0.196875
0 0.35234375 0.16171875 0.1703125 0.1984375
4 0.1671875 0.95390625 0.159375 0.0921875
3 0.65703125 0.6328125 0.153125 0.1875
2 0.66640625 0.83828125 0.128125 0.134375
3 0.19609375 0.2640625 0.1421875 0.15
4 0.73359375 0.2109375 0.125 0.146875
4 0.6015625 0.20859375 0.1453125 0.1609375
2 0.84765625 0.86015625 0.121875 0.140625
3 0.7796875 0.48125 0.1359375 0.15
1 0.47421875 0.68984375 0.1421875 0.171875
4 0.07421875 0.5703125 0.140625 0.165625
2 0.5125 0.88046875 0.1296875 0.1578125
2 0.32890625 0.92734375 0.1484375 0.1453125
1 0.16171875 0.765625 0.1484375 0.175