2 0.084375 0.4265625 0.1109375 0.1203125
3 0.03515625 0.84453125 0.0703125 0.1296875
1 0.3 0.11015625 0.1203125 0.140625
0 0.0546875 0.63671875 0.109375 0.1421875
3 0.0796875 0.2578125 0.1296875 0.1609375
4 0.24140625 0.509375 0.1234375 0.1328125
2 0.7140625 0.865625 0.1296875 0.1453125
2 0.93828125 0.16953125 0.1171875 0.1171875
0 0.47109375 0.16171875 0.153125 0.1953125
0 0.690625 0.37109375 0.1296875 0.203125
1 0.41875 0.88203125 0.1171875 0.1171875
4 0.43515625 0.4515625 0.13125 0.1453125
4 0.875 0.49296875 0.1375 0.1484375
0 0.76015625 0.13515625 0.1328125 0.1984375
2 0.57421875 0.86796875 0.1078125 0.1421875
4 0.2890625 0.3 0.1359375 0.1421875
4 0.40546875 0.71328125 0.121875 0.1421875
3 0.19140625 0.79375 0.13125 0.159375
1 0.78359375 0.6640625 0.115625 0.1390625
3 0.61875 0.63125 0.1296875 0.146875