0 0.3578125 0.6265625 0.1515625 0.18125
0 0.76484375 0.2765625 0.1609375 0.1875
0 0.19765625 0.6296875 0.1578125 0.171875
0 0.9375 0.771875 0.125 0.15625
0 0.571875 0.084375 0.159375 0.16875
0 0.9203125 0.25859375 0.128125 0.171875
0 0.09609375 0.3796875 0.15625 0.1765625
0 0.13671875 0.81953125 0.1421875 0.1859375
0 0.24921875 0.11015625 0.15 0.1859375
0 0.0625 0.22265625 0.125 0.1796875
1 0.478125 0.875 0.115625 0.140625
0 0.25390625 0.28828125 0.1328125 0.146875
0 0.66953125 0.60234375 0.134375 0.1765625
0 0.553125 0.403125 0.1609375 0.1671875
1 0.890625 0.5703125 0.1234375 0.14375
1 0.315625 0.859375 0.1203125 0.1546875
0 0.40546875 0.13515625 0.128125 0.1875
2 0.6046875 0.81484375 0.125 0.1390625
2 0.76015625 0.77109375 0.121875 0.134375
4 0.83828125 0.0703125 0.1203125 0.128125