3 0.2109375 0.16796875 0.115625 0.1375
2 0.62421875 0.88125 0.10625 0.1234375
0 0.68046875 0.1546875 0.1828125 0.1921875
1 0.36640625 0.13671875 0.1390625 0.15625
0 0.6328125 0.49296875 0.1609375 0.215625
0 0.278125 0.446875 0.1671875 0.1859375
0 0.1609375 0.68203125 0.1453125 0.2046875
4 0.06953125 0.21015625 0.1390625 0.1546875
0 0.809375 0.83125 0.1390625 0.1734375
2 0.8609375 0.1015625 0.1421875 0.1671875
3 0.078125 0.44296875 0.1375 0.1578125
1 0.84140625 0.6140625 0.134375 0.15
2 0.3421875 0.909375 0.13125 0.15625
0 0.440625 0.7359375 0.1515625 0.184375
1 0.60078125 0.71875 0.1296875 0.15625
1 0.175 0.909375 0.1515625 0.159375
2 0.55625 0.328125 0.1171875 0.14375
0 0.44609375 0.54765625 0.16875 0.1796875
4 0.95390625 0.825 0.0921875 0.153125
1 0.840625 0.4015625 0.134375 0.1453125