1 0.2515625 0.57265625 0.121875 0.159375
1 0.9265625 0.87421875 0.13125 0.1671875
1 0.875 0.2796875 0.115625 0.1390625
1 0.06171875 0.353125 0.1234375 0.146875
3 0.46171875 0.35625 0.115625 0.1328125
1 0.103125 0.5984375 0.11875 0.146875
0 0.89609375 0.48125 0.1625 0.175
0 0.4484375 0.175 0.134375 0.184375
0 0.3078125 0.22109375 0.1421875 0.18125
0 0.64609375 0.53984375 0.1484375 0.184375
2 0.08828125 0.90234375 0.1140625 0.14375
2 0.74609375 0.840625 0.10625 0.10625
4 0.78203125 0.06015625 0.1140625 0.1203125
4 0.71875 0.34765625 0.121875 0.1515625
2 0.3375 0.7921875 0.09375 0.1359375
2 0.48984375 0.55390625 0.1109375 0.1546875
4 0.61171875 0.159375 0.1296875 0.15
3 0.465625 0.821875 0.1296875 0.1390625
3 0.05859375 0.1359375 0.1171875 0.15
4 0.91796875 0.66015625 0.1296875 0.1625