1 0.18125 0.825 0.115625 0.1359375
1 0.09453125 0.61328125 0.0984375 0.125
1 0.44609375 0.22265625 0.121875 0.15
0 0.60234375 0.1109375 0.1515625 0.1703125
2 0.91015625 0.80859375 0.1234375 0.1390625
2 0.7875 0.38203125 0.1109375 0.1328125
3 0.5 0.6671875 0.121875 0.15
0 0.34921875 0.87109375 0.1578125 0.1890625
2 0.64765625 0.7984375 0.0984375 0.128125
0 0.26171875 0.1515625 0.1328125 0.1984375
4 0.22109375 0.60546875 0.1109375 0.146875
3 0.74453125 0.1359375 0.1171875 0.1328125
2 0.934375 0.384375 0.11875 0.1546875
4 0.93125 0.57734375 0.1296875 0.1421875
2 0.0984375 0.37421875 0.1140625 0.15
4 0.35546875 0.4 0.1203125 0.14375
2 0.509375 0.9203125 0.121875 0.159375
4 0.88828125 0.13046875 0.1234375 0.1390625
3 0.75546875 0.61015625 0.13125 0.1359375
4 0.55703125 0.421875 0.128125 0.15