2 0.94453125 0.77734375 0.1109375 0.1296875
2 0.91953125 0.62890625 0.1140625 0.128125
1 0.26875 0.3203125 0.140625 0.159375
0 0.06875 0.2359375 0.1375 0.215625
3 0.13515625 0.72890625 0.1203125 0.153125
3 0.1484375 0.9390625 0.1125 0.121875
2 0.746875 0.90390625 0.1296875 0.1453125
0 0.5046875 0.57421875 0.1828125 0.1921875
1 0.45 0.1 0.1203125 0.1515625
1 0.30234375 0.7328125 0.128125 0.1609375
3 0.6984375 0.61796875 0.1203125 0.146875
4 0.7984375 0.11640625 0.1203125 0.1453125
0 0.49609375 0.303125 0.1375 0.18125
3 0.67109375 0.3828125 0.128125 0.1546875
3 0.25234375 0.50546875 0.1265625 0.1609375
4 0.35703125 0.92265625 0.1484375 0.1546875
1 0.82578125 0.390625 0.1328125 0.1421875
2 0.596875 0.83828125 0.128125 0.1578125
3 0.6328125 0.12421875 0.115625 0.1390625
1 0.07734375 0.534375 0.1171875 0.15