1 0.759375 0.40546875 0.121875 0.1515625
1 0.58671875 0.40625 0.1234375 0.1453125
0 0.3328125 0.6265625 0.1203125 0.1390625
0 0.13359375 0.65625 0.1625 0.19375
0 0.153125 0.1625 0.15 0.19375
0 0.52890625 0.20625 0.1375 0.146875
0 0.6421875 0.62421875 0.146875 0.1921875
2 0.540625 0.9171875 0.1234375 0.1296875
2 0.87734375 0.1265625 0.125 0.134375
3 0.68828125 0.8453125 0.11875 0.146875
3 0.41953125 0.38828125 0.1234375 0.1359375
3 0.4578125 0.62421875 0.1390625 0.1640625
4 0.37265625 0.140625 0.1375 0.14375
3 0.73203125 0.17265625 0.1171875 0.14375
1 0.79609375 0.59765625 0.13125 0.14375
4 0.93203125 0.41015625 0.1296875 0.1578125
4 0.8859375 0.7828125 0.13125 0.1328125
4 0.27421875 0.9375 0.1296875 0.125
0 0.10078125 0.45625 0.14375 0.18125
4 0.2578125 0.3390625 0.121875 0.1359375