0 0.10234375 0.4859375 0.140625 0.1890625
4 0.35546875 0.1 0.103125 0.1296875
1 0.2921875 0.875 0.115625 0.14765625
1 0.15078125 0.1203125 0.10859375 0.134375
2 0.303125 0.67734375 0.090625 0.1140625
3 0.83828125 0.15390625 0.11015625 0.1375
3 0.66328125 0.77890625 0.1203125 0.1421875
4 0.103125 0.9421875 0.11875 0.115625
3 0.85234375 0.60234375 0.09609375 0.12109375
1 0.70078125 0.36953125 0.11328125 0.14375
2 0.11875 0.7171875 0.1265625 0.140625
3 0.61875 0.5890625 0.11953125 0.15625
2 0.44375 0.32421875 0.10859375 0.1234375
1 0.46875 0.52421875 0.10703125 0.128125
3 0.2921875 0.48984375 0.12109375 0.15625
3 0.44140625 0.91875 0.1109375 0.1296875
2 0.83671875 0.42265625 0.096875 0.115625
4 0.5109375 0.1234375 0.1265625 0.1484375
4 0.69296875 0.1625 0.12421875 0.1421875
2 0.84453125 0.840625 0.1109375 0.13046875