1 0.8140625 0.63359375 0.10625 0.13984375
1 0.821875 0.87890625 0.1078125 0.12421875
1 0.56640625 0.13671875 0.1078125 0.13984375
1 0.52734375 0.89453125 0.12265625 0.15703125
0 0.63359375 0.65234375 0.1171875 0.1265625
0 0.26953125 0.534375 0.15078125 0.17421875
3 0.465625 0.39375 0.109375 0.14296875
0 0.11953125 0.54765625 0.14140625 0.18046875
0 0.6765625 0.8734375 0.13203125 0.16953125
3 0.14140625 0.33671875 0.125 0.15859375
2 0.31953125 0.93515625 0.11328125 0.1296875
0 0.2796875 0.7265625 0.13046875 0.1859375
2 0.13359375 0.7640625 0.1078125 0.1421875
2 0.92578125 0.13046875 0.10546875 0.146875
3 0.490625 0.6203125 0.0984375 0.128125
4 0.1734375 0.109375 0.1359375 0.16953125
1 0.34375 0.265625 0.121875 0.121875
1 0.921875 0.340625 0.1171875 0.15546875
1 0.640625 0.446875 0.12578125 0.1421875
4 0.68984375 0.15078125 0.10625 0.140625