0 0.62109375 0.609375 0.190625 0.2078125
3 0.62578125 0.14453125 0.1359375 0.1546875
1 0.81484375 0.37421875 0.1375 0.1640625
0 0.79765625 0.065625 0.1953125 0.13125
2 0.059375 0.45078125 0.11875 0.1546875
0 0.65546875 0.88046875 0.15 0.1953125
2 0.31015625 0.84921875 0.1359375 0.140625
0 0.02109375 0.19921875 0.0421875 0.1546875
3 0.47421875 0.08203125 0.1375 0.153125
0 0.1484375 0.2609375 0.190625 0.225
2 0.78046875 0.67421875 0.1296875 0.1453125
1 0.25859375 0.4890625 0.1421875 0.165625
3 0.30859375 0.18359375 0.1453125 0.178125
0 0.42109375 0.5421875 0.1484375 0.178125
4 0.125 0.675 0.1484375 0.1578125
3 0.921875 0.5859375 0.146875 0.159375
0 0.14921875 0.88203125 0.1421875 0.18125
3 0.603125 0.3640625 0.140625 0.146875
4 0.475 0.8328125 0.1265625 0.1375
4 0.4 0.34609375 0.15 0.15625