1 0.25078125 0.90546875 0.134375 0.15625
1 0.9078125 0.4515625 0.1421875 0.1625
1 0.2984375 0.71640625 0.1359375 0.1484375
1 0.15 0.365625 0.1390625 0.15
0 0.1359375 0.63046875 0.1484375 0.20625
0 0.428125 0.10234375 0.153125 0.1671875
3 0.8328125 0.690625 0.125 0.1515625
4 0.10859375 0.19140625 0.128125 0.1359375
1 0.8078125 0.26640625 0.146875 0.1890625
3 0.29375 0.40078125 0.1203125 0.15
3 0.47890625 0.76640625 0.11875 0.134375
4 0.82109375 0.05390625 0.1328125 0.1078125
3 0.26328125 0.12421875 0.121875 0.1328125
2 0.44609375 0.55546875 0.1296875 0.15625
3 0.63359375 0.25859375 0.1421875 0.1453125
1 0.42734375 0.3015625 0.121875 0.15
3 0.65 0.09375 0.1265625 0.1546875
3 0.96171875 0.7640625 0.0765625 0.153125
4 0.70078125 0.784375 0.115625 0.1421875
4 0.61640625 0.58515625 0.1453125 0.1578125