0 0.4390625 0.1421875 0.1359375 0.178125
0 0.9140625 0.82734375 0.1421875 0.1828125
0 0.37734375 0.9203125 0.1328125 0.128125
1 0.0859375 0.13125 0.1171875 0.134375
3 0.146875 0.5140625 0.10625 0.128125
1 0.684375 0.1421875 0.1234375 0.1390625
1 0.328125 0.51640625 0.1078125 0.1203125
1 0.57734375 0.6671875 0.1125 0.128125
3 0.54609375 0.46328125 0.1203125 0.1328125
3 0.21875 0.86171875 0.125 0.153125
3 0.1359375 0.3203125 0.1265625 0.140625
4 0.371875 0.74375 0.1375 0.1609375
3 0.88203125 0.19375 0.1234375 0.1375
1 0.73046875 0.4734375 0.128125 0.1453125
2 0.75859375 0.67109375 0.1265625 0.1421875
2 0.90859375 0.49765625 0.1046875 0.128125
2 0.24375 0.12109375 0.1109375 0.1328125
2 0.30703125 0.340625 0.1109375 0.1390625
0 0.53125 0.8609375 0.1390625 0.1578125
2 0.74765625 0.87421875 0.1109375 0.1421875