0 0.7796875 0.2328125 0.153125 0.1484375
3 0.603125 0.28203125 0.1125 0.14375
3 0.209375 0.12265625 0.1265625 0.1578125
4 0.24375 0.5453125 0.11875 0.134375
0 0.1125 0.32890625 0.1484375 0.1671875
0 0.6125 0.61640625 0.1453125 0.18125
1 0.78359375 0.85078125 0.121875 0.128125
1 0.4109375 0.51953125 0.121875 0.15625
4 0.6203125 0.06796875 0.125 0.1359375
4 0.61953125 0.86640625 0.1171875 0.14375
4 0.78515625 0.43671875 0.1453125 0.1828125
3 0.45703125 0.84609375 0.134375 0.140625
3 0.08359375 0.59296875 0.11875 0.1515625
3 0.83828125 0.04921875 0.1296875 0.0984375
3 0.3171875 0.3546875 0.1203125 0.13125
3 0.859375 0.63515625 0.1203125 0.1484375
3 0.9296875 0.80234375 0.1375 0.140625
4 0.17890625 0.81015625 0.13125 0.1359375
4 0.03359375 0.12734375 0.0671875 0.1578125
4 0.4328125 0.17421875 0.1171875 0.1265625