1 0.83203125 0.37734375 0.1359375 0.159375
3 0.64375 0.37578125 0.1328125 0.171875
0 0.46171875 0.71328125 0.1234375 0.16875
3 0.50546875 0.47890625 0.1359375 0.1484375
0 0.140625 0.946875 0.15 0.10625
2 0.29296875 0.9453125 0.1421875 0.109375
0 0.215625 0.153125 0.140625 0.15
2 0.45 0.93984375 0.115625 0.1203125
0 0.73984375 0.1390625 0.1421875 0.19375
0 0.35 0.5234375 0.15 0.1765625
2 0.09765625 0.7375 0.128125 0.15
4 0.6 0.1703125 0.13125 0.1609375
3 0.9265625 0.81875 0.146875 0.178125
2 0.67578125 0.8953125 0.125 0.15625
4 0.20234375 0.3390625 0.153125 0.16875
1 0.3265625 0.73125 0.1484375 0.16875
2 0.721875 0.68828125 0.146875 0.1859375
4 0.90078125 0.5890625 0.140625 0.1515625
2 0.4421875 0.15 0.1359375 0.1796875
3 0.0671875 0.3734375 0.134375 0.1546875