0 0.35234375 0.64296875 0.1578125 0.2046875
2 0.04765625 0.77890625 0.0953125 0.1390625
4 0.1734375 0.08203125 0.159375 0.1640625
3 0.1875 0.31640625 0.134375 0.153125
3 0.803125 0.1640625 0.146875 0.153125
3 0.42890625 0.4046875 0.1328125 0.1625
4 0.471875 0.8046875 0.140625 0.1625
4 0.2921875 0.8578125 0.1328125 0.153125
3 0.85 0.6234375 0.13125 0.1484375
4 0.14765625 0.590625 0.1328125 0.153125
2 0.65 0.6296875 0.121875 0.1390625
2 0.66953125 0.853125 0.1203125 0.1421875
2 0.4609375 0.1703125 0.1328125 0.1515625
2 0.528125 0.6125 0.1234375 0.15
1 0.8140625 0.34765625 0.134375 0.15625
4 0.3265625 0.1265625 0.1296875 0.146875
2 0.85 0.84921875 0.1359375 0.1515625
2 0.65390625 0.13203125 0.1359375 0.1625
1 0.94375 0.15703125 0.1125 0.1578125
4 0.64296875 0.37109375 0.1203125 0.1375