1 0.84375 0.54453125 0.1359375 0.1453125
1 0.3671875 0.06484375 0.15625 0.1296875
2 0.44609375 0.61484375 0.1328125 0.14375
2 0.55390625 0.3390625 0.1390625 0.1484375
1 0.10390625 0.328125 0.1484375 0.15625
3 0.3703125 0.759375 0.13125 0.14375
0 0.59921875 0.13515625 0.1546875 0.1875
2 0.89375 0.3859375 0.1109375 0.1140625
0 0.91484375 0.17890625 0.159375 0.1734375
0 0.18046875 0.09296875 0.1765625 0.1859375
2 0.415625 0.32265625 0.1203125 0.140625
2 0.27578125 0.48828125 0.1296875 0.1375
4 0.78671875 0.7265625 0.1515625 0.171875
0 0.0390625 0.73828125 0.078125 0.1890625
3 0.07578125 0.5046875 0.1359375 0.153125
2 0.5828125 0.809375 0.11875 0.1328125
3 0.8015625 0.95 0.128125 0.1
1 0.684375 0.51484375 0.1140625 0.1328125
3 0.7609375 0.17734375 0.146875 0.1546875
3 0.190625 0.68515625 0.125 0.1328125