2 0.61484375 0.146875 0.115625 0.125
1 0.23203125 0.93046875 0.1359375 0.1390625
3 0.4796875 0.45546875 0.1296875 0.153125
3 0.60234375 0.340625 0.1421875 0.15
4 0.94375 0.7921875 0.1125 0.14375
0 0.48359375 0.6046875 0.1546875 0.171875
0 0.196875 0.753125 0.1609375 0.1984375
1 0.31015625 0.47421875 0.1390625 0.1546875
0 0.38984375 0.825 0.16875 0.1984375
2 0.678125 0.64609375 0.1125 0.1390625
2 0.29765625 0.2546875 0.128125 0.134375
3 0.33515625 0.63203125 0.1359375 0.16875
2 0.4578125 0.18359375 0.1328125 0.1484375
4 0.72578125 0.81484375 0.1453125 0.153125
3 0.065625 0.171875 0.13125 0.165625
3 0.74921875 0.140625 0.11875 0.1484375
2 0.91015625 0.51796875 0.128125 0.165625
4 0.09921875 0.48359375 0.1546875 0.1984375
3 0.58125 0.87734375 0.1203125 0.1328125
4 0.82421875 0.33125 0.146875 0.15625