0 0.8875 0.3421875 0.1421875 0.1703125
0 0.89375 0.89765625 0.140625 0.1609375
1 0.1078125 0.646875 0.1203125 0.146875
0 0.1828125 0.38359375 0.1328125 0.1625
4 0.2265625 0.8828125 0.1109375 0.1234375
1 0.23984375 0.184375 0.11875 0.159375
3 0.72421875 0.1890625 0.115625 0.1421875
3 0.0765625 0.20703125 0.1296875 0.146875
2 0.3234375 0.4015625 0.1046875 0.1171875
1 0.88359375 0.15703125 0.1140625 0.1328125
0 0.40703125 0.9 0.1296875 0.1734375
3 0.62890625 0.784375 0.125 0.140625
3 0.7 0.4265625 0.1296875 0.1390625
4 0.575 0.59453125 0.0984375 0.1203125
2 0.91875 0.55546875 0.10625 0.1171875
4 0.3953125 0.109375 0.1203125 0.1375
2 0.38359375 0.61484375 0.1109375 0.1328125
4 0.4765625 0.315625 0.115625 0.1390625
2 0.5640625 0.11796875 0.125 0.1578125
4 0.78984375 0.70078125 0.11875 0.140625