0 0.61484375 0.8875 0.1328125 0.16875
0 0.45703125 0.7890625 0.1515625 0.184375
0 0.71953125 0.5953125 0.1578125 0.1796875
0 0.5109375 0.56171875 0.1328125 0.165625
3 0.70546875 0.09296875 0.1 0.1453125
3 0.8390625 0.1171875 0.1296875 0.1515625
2 0.2390625 0.3 0.1296875 0.15625
0 0.91484375 0.74609375 0.1328125 0.1859375
2 0.4828125 0.1328125 0.0984375 0.115625
2 0.30390625 0.84609375 0.103125 0.121875
3 0.42578125 0.31640625 0.1 0.13125
3 0.0515625 0.1703125 0.103125 0.125
1 0.11484375 0.9375 0.1140625 0.125
1 0.121875 0.73671875 0.121875 0.146875
3 0.90234375 0.51015625 0.1265625 0.1390625
1 0.87265625 0.31015625 0.1234375 0.14375
3 0.61171875 0.303125 0.1171875 0.14375
4 0.1765625 0.5171875 0.121875 0.159375
4 0.76875 0.8484375 0.128125 0.15
2 0.340625 0.55390625 0.1078125 0.140625