1 0.25078125 0.8890625 0.1390625 0.1703125
0 0.08359375 0.75546875 0.159375 0.1703125
0 0.47265625 0.88515625 0.171875 0.1921875
2 0.5046875 0.11328125 0.1203125 0.1265625
2 0.31484375 0.5640625 0.1234375 0.1421875
0 0.87109375 0.73515625 0.1671875 0.2140625
0 0.85078125 0.94453125 0.1328125 0.1109375
2 0.92578125 0.52890625 0.1265625 0.1515625
3 0.67265625 0.9109375 0.121875 0.14375
3 0.6109375 0.65625 0.115625 0.128125
0 0.18984375 0.34375 0.1328125 0.1484375
0 0.35703125 0.33203125 0.1375 0.15625
4 0.4609375 0.59921875 0.128125 0.15625
3 0.89453125 0.27578125 0.13125 0.159375
2 0.35625 0.12734375 0.1140625 0.1390625
0 0.49921875 0.40859375 0.15 0.153125
4 0.69609375 0.175 0.1328125 0.1484375
4 0.1328125 0.51953125 0.15 0.1609375
1 0.18515625 0.125 0.1390625 0.1734375
1 0.725 0.45859375 0.11875 0.15