2 0.34921875 0.6359375 0.128125 0.1265625
1 0.103125 0.48046875 0.1203125 0.1359375
0 0.6984375 0.6015625 0.146875 0.159375
3 0.8546875 0.2234375 0.1421875 0.1671875
2 0.37421875 0.359375 0.1046875 0.1203125
2 0.215625 0.915625 0.128125 0.14375
0 0.5203125 0.26171875 0.171875 0.1921875
3 0.5953125 0.7765625 0.134375 0.146875
4 0.56640625 0.56328125 0.1390625 0.159375
0 0.140625 0.30078125 0.159375 0.175
2 0.88671875 0.39921875 0.128125 0.15
4 0.7109375 0.31484375 0.1234375 0.14375
2 0.7859375 0.834375 0.1296875 0.146875
4 0.67890625 0.0625 0.1390625 0.125
4 0.29609375 0.18828125 0.14375 0.146875
4 0.4828125 0.07109375 0.153125 0.1421875
1 0.9453125 0.82109375 0.109375 0.1421875
3 0.41328125 0.7953125 0.11875 0.1296875