2 0.12890625 0.57265625 0.11328125 0.128125
1 0.57109375 0.35234375 0.1171875 0.13984375
3 0.2734375 0.5671875 0.1046875 0.15
4 0.86328125 0.91484375 0.10859375 0.12578125
1 0.42109375 0.6984375 0.109375 0.1375
2 0.565625 0.1171875 0.10703125 0.125
0 0.92421875 0.4078125 0.11171875 0.15234375
2 0.709375 0.384375 0.11796875 0.13359375
4 0.6 0.621875 0.11640625 0.140625
0 0.93984375 0.70625 0.11171875 0.12890625
4 0.771875 0.621875 0.11796875 0.14140625
4 0.4140625 0.92109375 0.12421875 0.140625
2 0.19453125 0.8625 0.11015625 0.14140625
2 0.64609375 0.91796875 0.1078125 0.1171875
2 0.9390625 0.16640625 0.109375 0.14921875
4 0.38359375 0.36640625 0.12109375 0.1484375
2 0.33125 0.13515625 0.1109375 0.1515625
3 0.77734375 0.16875 0.1109375 0.15234375
1 0.21171875 0.32265625 0.12109375 0.1515625
3 0.1578125 0.140625 0.11015625 0.14296875