1 0.4828125 0.8265625 0.1125 0.1359375
1 0.88203125 0.58046875 0.121875 0.1421875
0 0.6546875 0.8296875 0.140625 0.1609375
0 0.10078125 0.6390625 0.1140625 0.146875
2 0.28984375 0.31328125 0.1078125 0.125
1 0.85078125 0.3546875 0.11875 0.1359375
2 0.603125 0.07890625 0.1265625 0.134375
0 0.7171875 0.64765625 0.1265625 0.146875
3 0.28515625 0.6640625 0.1125 0.1390625
0 0.48125 0.30546875 0.1484375 0.1859375
1 0.1609375 0.871875 0.096875 0.121875
0 0.4546875 0.11328125 0.1203125 0.1578125
0 0.29765625 0.86015625 0.11875 0.1890625
3 0.88359375 0.08203125 0.121875 0.13125
2 0.24609375 0.125 0.0953125 0.13125
3 0.1515625 0.39375 0.1171875 0.146875
4 0.8171875 0.88671875 0.115625 0.1453125
4 0.50078125 0.5328125 0.1203125 0.140625
4 0.07265625 0.08203125 0.1265625 0.1609375
2 0.66796875 0.27578125 0.0953125 0.1296875