0 0.43125 0.41015625 0.165625 0.2
0 0.0546875 0.2546875 0.109375 0.209375
0 0.48359375 0.17578125 0.1640625 0.16875
0 0.2546875 0.46953125 0.1609375 0.1859375
0 0.625 0.3890625 0.1703125 0.175
0 0.09453125 0.4875 0.1640625 0.178125
0 0.196875 0.86875 0.165625 0.2078125
4 0.49921875 0.78671875 0.153125 0.16875
3 0.6515625 0.55859375 0.1578125 0.165625
4 0.8203125 0.34609375 0.1359375 0.1484375
3 0.66875 0.18125 0.134375 0.1578125
3 0.9546875 0.68671875 0.090625 0.1734375
3 0.8546875 0.7546875 0.1578125 0.1796875
3 0.7703125 0.04765625 0.146875 0.0953125
4 0.2546875 0.221875 0.1625 0.178125
4 0.6859375 0.75078125 0.1390625 0.153125
3 0.79453125 0.584375 0.1375 0.1484375
2 0.94140625 0.53515625 0.1171875 0.1453125
2 0.321875 0.7203125 0.146875 0.1578125
1 0.4609375 0.5875 0.153125 0.1765625