3 0.903125 0.31171875 0.1109375 0.1421875
3 0.5 0.86796875 0.1359375 0.175
3 0.35625 0.6734375 0.1328125 0.1640625
3 0.559375 0.184375 0.1234375 0.159375
0 0.7140625 0.6578125 0.134375 0.18125
0 0.29140625 0.4390625 0.1359375 0.159375
4 0.55546875 0.63203125 0.1234375 0.1390625
3 0.11796875 0.37734375 0.1265625 0.1640625
2 0.24140625 0.93515625 0.1046875 0.1296875
4 0.70546875 0.11015625 0.11875 0.140625
0 0.16640625 0.67890625 0.1421875 0.1625
4 0.91015625 0.64375 0.1265625 0.1515625
2 0.85390625 0.0796875 0.1265625 0.159375
4 0.38125 0.13359375 0.1234375 0.1328125
2 0.62734375 0.37890625 0.115625 0.14375
4 0.2234375 0.17578125 0.1484375 0.18125
3 0.94296875 0.8796875 0.1140625 0.1375
3 0.45 0.41875 0.1265625 0.1625
1 0.06015625 0.196875 0.1203125 0.175
3 0.6734375 0.89375 0.125 0.1359375