0 0.52109375 0.86328125 0.1546875 0.175
0 0.5546875 0.10078125 0.1390625 0.1609375
0 0.95078125 0.7703125 0.0984375 0.16875
0 0.63515625 0.3046875 0.171875 0.2015625
3 0.353125 0.64375 0.146875 0.1546875
4 0.20390625 0.946875 0.1453125 0.10625
3 0.8765625 0.2484375 0.146875 0.1828125
1 0.8125 0.06640625 0.153125 0.1328125
1 0.28125 0.26796875 0.13125 0.1515625
1 0.1453125 0.39140625 0.1546875 0.171875
1 0.2234375 0.74609375 0.1359375 0.15625
3 0.54375 0.64765625 0.140625 0.1625
4 0.46796875 0.39375 0.1296875 0.1484375
1 0.3265625 0.4734375 0.14375 0.171875
3 0.84609375 0.83828125 0.14375 0.15625
3 0.37109375 0.9265625 0.1390625 0.146875
4 0.71015625 0.52890625 0.128125 0.15
3 0.428125 0.1453125 0.13125 0.1578125
2 0.89921875 0.56796875 0.1265625 0.140625
4 0.11171875 0.20546875 0.1609375 0.1890625