0 0.62421875 0.07265625 0.1734375 0.1453125
0 0.33359375 0.76328125 0.1625 0.1953125
0 0.75546875 0.26328125 0.1484375 0.18125
0 0.15078125 0.9046875 0.16875 0.1875
0 0.16796875 0.18359375 0.1578125 0.203125
4 0.49609375 0.33046875 0.146875 0.171875
3 0.05 0.41171875 0.1 0.1515625
4 0.4359375 0.128125 0.1421875 0.171875
2 0.7953125 0.7765625 0.13125 0.1453125
3 0.1265625 0.5984375 0.1375 0.1609375
4 0.82734375 0.05546875 0.1484375 0.1109375
2 0.3 0.58828125 0.1203125 0.1296875
2 0.765625 0.44296875 0.134375 0.14375
4 0.68515625 0.87890625 0.146875 0.159375
1 0.2015625 0.37734375 0.1234375 0.153125
4 0.0546875 0.20078125 0.109375 0.1640625
2 0.93515625 0.62734375 0.1296875 0.1515625
1 0.44921875 0.56015625 0.1390625 0.1609375
0 0.59765625 0.5765625 0.15 0.1703125
2 0.48671875 0.8 0.125 0.153125