1 0.590625 0.1515625 0.1359375 0.1578125
3 0.41015625 0.13203125 0.1265625 0.1484375
1 0.5359375 0.91796875 0.15 0.1640625
0 0.08359375 0.5984375 0.1671875 0.209375
0 0.33671875 0.3109375 0.1546875 0.1703125
0 0.253125 0.50625 0.16875 0.1703125
2 0.1515625 0.21015625 0.13125 0.140625
2 0.11484375 0.39140625 0.115625 0.1375
2 0.871875 0.5578125 0.115625 0.1421875
2 0.68984375 0.934375 0.1390625 0.13125
2 0.703125 0.490625 0.134375 0.1578125
0 0.6484375 0.7171875 0.15625 0.1921875
2 0.04140625 0.81796875 0.0828125 0.1546875
0 0.48984375 0.69609375 0.15625 0.184375
3 0.7609375 0.2015625 0.1328125 0.15
2 0.8078125 0.7453125 0.1265625 0.1328125
3 0.4875 0.3375 0.121875 0.13125
4 0.375 0.8609375 0.140625 0.1578125
2 0.9453125 0.303125 0.109375 0.184375
4 0.24609375 0.7328125 0.1328125 0.1453125