1 0.6359375 0.93359375 0.11875 0.1328125
1 0.76171875 0.19921875 0.11484375 0.140625
4 0.38984375 0.32421875 0.134375 0.153125
2 0.83203125 0.696875 0.1 0.1140625
0 0.4609375 0.92265625 0.1296875 0.14921875
3 0.121875 0.85546875 0.115625 0.14296875
0 0.59140625 0.11640625 0.10859375 0.16875
0 0.39140625 0.12578125 0.140625 0.1609375
2 0.21171875 0.18359375 0.09609375 0.11796875
0 0.62265625 0.7484375 0.13671875 0.14609375
3 0.92109375 0.15234375 0.10234375 0.13125
4 0.9234375 0.459375 0.11875 0.14921875
2 0.2953125 0.884375 0.11171875 0.128125
2 0.14375 0.45390625 0.09609375 0.13046875
1 0.80546875 0.91875 0.11015625 0.140625
4 0.7609375 0.384375 0.128125 0.15703125
4 0.5578125 0.51796875 0.1265625 0.14921875
1 0.09140625 0.60390625 0.11328125 0.12890625
1 0.5859375 0.32578125 0.10546875 0.13203125
1 0.31640625 0.61484375 0.1171875 0.15390625