0 0.8453125 0.696875 0.1328125 0.18359375
0 0.6703125 0.53125 0.13359375 0.1734375
0 0.55234375 0.17109375 0.14296875 0.15703125
0 0.25703125 0.52890625 0.12578125 0.1625
0 0.65390625 0.33359375 0.11796875 0.13046875
1 0.91015625 0.3609375 0.11953125 0.13984375
3 0.078125 0.38671875 0.11796875 0.15
3 0.096875 0.640625 0.1203125 0.13828125
2 0.0921875 0.1765625 0.10703125 0.1171875
4 0.809375 0.1140625 0.12578125 0.15625
4 0.2484375 0.134375 0.11796875 0.1421875
3 0.44765625 0.5875 0.1203125 0.15078125
3 0.66796875 0.884375 0.12734375 0.14609375
1 0.384375 0.16640625 0.1046875 0.1265625
4 0.42578125 0.40078125 0.1078125 0.14609375
3 0.4671875 0.81796875 0.12578125 0.1359375
4 0.10234375 0.90546875 0.11796875 0.14296875
4 0.29765625 0.7625 0.13125 0.1484375
4 0.853125 0.89140625 0.11328125 0.13515625
4 0.22890625 0.29140625 0.08984375 0.109375