1 0.22734375 0.4609375 0.1140625 0.134375
1 0.37734375 0.44140625 0.121875 0.1515625
2 0.734375 0.4296875 0.1171875 0.128125
2 0.76796875 0.62734375 0.1265625 0.1359375
3 0.496875 0.18671875 0.140625 0.15625
0 0.8125 0.85 0.1609375 0.1859375
0 0.05625 0.49296875 0.1125 0.1515625
0 0.453125 0.62890625 0.15 0.159375
1 0.23359375 0.88515625 0.1375 0.146875
0 0.89453125 0.41328125 0.159375 0.175
2 0.0984375 0.271875 0.1140625 0.1328125
0 0.93203125 0.75546875 0.1359375 0.2078125
0 0.25234375 0.696875 0.1328125 0.1484375
1 0.08984375 0.6703125 0.1375 0.1625
4 0.6359375 0.7796875 0.1484375 0.1828125
4 0.57109375 0.46015625 0.1203125 0.140625
2 0.68203125 0.19921875 0.1265625 0.1390625
4 0.48515625 0.8453125 0.134375 0.1578125
4 0.2671875 0.23203125 0.134375 0.146875
3 0.8109375 0.07421875 0.134375 0.1484375