0 0.92734375 0.47265625 0.1453125 0.1703125
3 0.7890625 0.84609375 0.15 0.1671875
1 0.26328125 0.36796875 0.153125 0.1640625
2 0.37578125 0.1515625 0.128125 0.15
0 0.946875 0.74921875 0.10625 0.1734375
2 0.5375 0.18203125 0.134375 0.146875
0 0.55390625 0.8140625 0.1484375 0.1859375
2 0.35390625 0.67734375 0.1265625 0.1359375
1 0.8171875 0.59453125 0.1359375 0.1640625
0 0.1921875 0.925 0.171875 0.15
0 0.090625 0.275 0.15625 0.1859375
4 0.0859375 0.44375 0.1390625 0.15625
3 0.77265625 0.278125 0.1453125 0.165625
4 0.15390625 0.66171875 0.1421875 0.159375
2 0.453125 0.421875 0.1375 0.175
1 0.6328125 0.409375 0.1375 0.1484375
1 0.76640625 0.071875 0.1640625 0.14375
4 0.57265625 0.59921875 0.146875 0.1734375
2 0.22578125 0.17109375 0.134375 0.1546875
1 0.4234375 0.88515625 0.1359375 0.1609375