4 0.54453125 0.1390625 0.1109375 0.11796875
0 0.2671875 0.65390625 0.1015625 0.15625
2 0.540625 0.71015625 0.115625 0.12890625
0 0.11484375 0.6 0.15625 0.16640625
0 0.884375 0.15703125 0.1421875 0.140625
1 0.5671875 0.40078125 0.10625 0.13125
0 0.509375 0.9078125 0.12578125 0.14296875
3 0.3640625 0.88828125 0.10078125 0.13203125
2 0.74140625 0.18125 0.11328125 0.12734375
0 0.27578125 0.45625 0.13984375 0.17734375
0 0.1125 0.7890625 0.11875 0.146875
0 0.328125 0.23984375 0.1328125 0.18984375
0 0.6703125 0.915625 0.10546875 0.15078125
3 0.909375 0.915625 0.08828125 0.12890625
4 0.17109375 0.1390625 0.1109375 0.1375
4 0.753125 0.41171875 0.11328125 0.14765625
4 0.9125 0.46015625 0.1203125 0.15625
2 0.10859375 0.33515625 0.1 0.12109375
4 0.4234375 0.51015625 0.11875 0.13125
3 0.83125 0.74453125 0.1203125 0.13203125