4 0.60625 0.15234375 0.1296875 0.1359375
0 0.24375 0.6109375 0.1265625 0.171875
2 0.503125 0.7140625 0.1359375 0.146875
0 0.103125 0.53125 0.1828125 0.190625
0 0.928125 0.228125 0.14375 0.1625
1 0.58359375 0.4140625 0.128125 0.1484375
0 0.43828125 0.903125 0.1484375 0.1625
3 0.2984375 0.85859375 0.121875 0.146875
2 0.79296875 0.228125 0.134375 0.1453125
0 0.28671875 0.41796875 0.16875 0.1984375
0 0.06953125 0.7171875 0.1390625 0.165625
0 0.37578125 0.2140625 0.1640625 0.209375
0 0.59453125 0.92734375 0.1296875 0.1453125
3 0.83125 0.9546875 0.109375 0.090625
4 0.2390625 0.0875 0.1328125 0.1546875
4 0.76484375 0.45703125 0.1375 0.165625
4 0.91328125 0.53203125 0.1453125 0.175
2 0.14296875 0.26953125 0.11875 0.1359375
4 0.42265625 0.496875 0.1390625 0.15
3 0.78359375 0.7984375 0.1421875 0.1515625