1 0.41875 0.50859375 0.12421875 0.14453125
1 0.9171875 0.50703125 0.12109375 0.14921875
1 0.4 0.7359375 0.10859375 0.1453125
3 0.340625 0.32734375 0.11640625 0.15078125
1 0.484375 0.9359375 0.10703125 0.128125
1 0.159375 0.13203125 0.1109375 0.13671875
3 0.921875 0.3125 0.11875 0.14296875
3 0.6546875 0.8 0.10390625 0.14765625
2 0.50625 0.16875 0.12265625 0.12109375
3 0.68984375 0.2359375 0.1046875 0.146875
2 0.17265625 0.340625 0.11484375 0.1375
3 0.10390625 0.9171875 0.115625 0.12265625
2 0.8796875 0.90390625 0.1078125 0.12734375
2 0.23671875 0.8125 0.1171875 0.146875
4 0.11875 0.56796875 0.1328125 0.1703125
0 0.5984375 0.50234375 0.11015625 0.16640625
4 0.85390625 0.125 0.11796875 0.1546875
2 0.3453125 0.1203125 0.09921875 0.13828125
4 0.771875 0.4453125 0.1171875 0.1625
1 0.79609375 0.675 0.12421875 0.1375