0 0.5046875 0.659375 0.13046875 0.184375
0 0.5875 0.88671875 0.1359375 0.17421875
3 0.93203125 0.14453125 0.1125 0.14375
3 0.58515625 0.32265625 0.1171875 0.14140625
3 0.78359375 0.1375 0.1140625 0.15234375
2 0.4328125 0.9109375 0.10234375 0.14140625
1 0.11640625 0.6375 0.10234375 0.13984375
4 0.103125 0.12890625 0.103125 0.13046875
4 0.9171875 0.46328125 0.13359375 0.17109375
3 0.30078125 0.08515625 0.11875 0.1296875
2 0.75 0.3265625 0.1125 0.1234375
4 0.3046875 0.68671875 0.12109375 0.14609375
2 0.26953125 0.90859375 0.1171875 0.12734375
2 0.08515625 0.8875 0.12578125 0.1421875
2 0.8765625 0.66328125 0.1171875 0.13671875
4 0.67578125 0.5578125 0.1125 0.13984375
2 0.75703125 0.9 0.10234375 0.13046875
1 0.590625 0.12265625 0.11875 0.14296875
2 0.32421875 0.4171875 0.09296875 0.12578125
4 0.14296875 0.4453125 0.1140625 0.1296875