0 0.6171875 0.4125 0.1515625 0.1625
0 0.5453125 0.64921875 0.1515625 0.1609375
4 0.83203125 0.73984375 0.1296875 0.1515625
3 0.940625 0.61953125 0.11875 0.1578125
1 0.421875 0.89765625 0.14375 0.1640625
3 0.7421875 0.5703125 0.1609375 0.196875
4 0.13203125 0.16484375 0.1390625 0.146875
3 0.58671875 0.82109375 0.1234375 0.1484375
1 0.1796875 0.53203125 0.1375 0.1609375
1 0.35234375 0.59375 0.140625 0.159375
4 0.14609375 0.35625 0.11875 0.1390625
3 0.2265625 0.7484375 0.140625 0.1515625
3 0.46640625 0.09296875 0.1375 0.1546875
4 0.3421875 0.340625 0.1453125 0.1765625
2 0.25078125 0.92578125 0.1171875 0.1484375
2 0.6328125 0.14296875 0.1328125 0.1390625
2 0.3046875 0.125 0.1390625 0.1578125
1 0.79375 0.078125 0.15 0.15625
2 0.95859375 0.81953125 0.0828125 0.1671875
2 0.90703125 0.32734375 0.1171875 0.1453125