1 0.11640625 0.58828125 0.11328125 0.1359375
1 0.10390625 0.41015625 0.1203125 0.140625
1 0.61953125 0.87109375 0.109375 0.13359375
1 0.35703125 0.703125 0.10390625 0.134375
2 0.4734375 0.22265625 0.11328125 0.11875
2 0.93828125 0.1453125 0.109375 0.11484375
3 0.8921875 0.37265625 0.121875 0.171875
3 0.690625 0.38046875 0.10546875 0.1359375
0 0.7953125 0.1765625 0.13515625 0.16171875
0 0.78515625 0.91796875 0.13515625 0.15859375
4 0.30234375 0.49453125 0.12421875 0.1296875
0 0.4375 0.90625 0.14140625 0.178125
3 0.92578125 0.68671875 0.10703125 0.12734375
4 0.75390625 0.584375 0.1234375 0.15390625
4 0.53515625 0.57265625 0.10859375 0.11171875
4 0.17421875 0.1890625 0.12109375 0.153125
2 0.315625 0.29140625 0.1140625 0.1515625
4 0.27578125 0.9359375 0.11171875 0.1265625
4 0.10625 0.809375 0.10625 0.13515625