1 0.5 0.63125 0.128125 0.1421875
1 0.39609375 0.3953125 0.1359375 0.1515625
1 0.1078125 0.57265625 0.1234375 0.14375
2 0.92421875 0.56640625 0.128125 0.1390625
0 0.66484375 0.85234375 0.1328125 0.1875
0 0.359375 0.88359375 0.1390625 0.1609375
2 0.90234375 0.790625 0.1171875 0.1328125
0 0.48203125 0.16875 0.1578125 0.1578125
2 0.50703125 0.83125 0.1296875 0.140625
3 0.27265625 0.60390625 0.13125 0.15
3 0.55703125 0.3578125 0.1421875 0.1578125
2 0.32421875 0.21796875 0.1125 0.128125
3 0.1828125 0.3765625 0.1171875 0.1421875
2 0.6578125 0.625 0.1265625 0.1421875
4 0.17265625 0.13984375 0.146875 0.165625
2 0.8625 0.13359375 0.1046875 0.125
4 0.75 0.3546875 0.1359375 0.15
3 0.0390625 0.18984375 0.078125 0.1546875
0 0.12578125 0.7921875 0.1625 0.1765625
4 0.6796875 0.0640625 0.11875 0.128125