1 0.06796875 0.39296875 0.115625 0.1359375
1 0.54609375 0.1046875 0.1078125 0.1328125
2 0.58984375 0.29921875 0.103125 0.1203125
0 0.26484375 0.6203125 0.1359375 0.1515625
1 0.68671875 0.52734375 0.11875 0.14375
3 0.878125 0.46953125 0.1171875 0.140625
2 0.2390625 0.32734375 0.121875 0.1375
2 0.0921875 0.14140625 0.1109375 0.1234375
2 0.33515625 0.090625 0.1109375 0.1265625
2 0.44765625 0.5359375 0.1359375 0.159375
3 0.93984375 0.11640625 0.1125 0.1234375
2 0.740625 0.146875 0.103125 0.1328125
0 0.74140625 0.86875 0.140625 0.1875
4 0.29921875 0.80390625 0.125 0.1546875
4 0.16640625 0.85078125 0.1203125 0.1421875
4 0.47265625 0.8203125 0.1296875 0.1484375
4 0.4125 0.34296875 0.1125 0.1234375
1 0.09375 0.66796875 0.1234375 0.1328125
1 0.90234375 0.87421875 0.1109375 0.153125
3 0.82265625 0.65234375 0.1078125 0.109375