0 0.63671875 0.6859375 0.1703125 0.1859375
0 0.346875 0.459375 0.153125 0.1703125
0 0.6984375 0.2671875 0.1546875 0.1640625
0 0.10390625 0.31953125 0.1515625 0.153125
4 0.5515625 0.521875 0.146875 0.159375
3 0.26953125 0.26875 0.15 0.1703125
4 0.18203125 0.91015625 0.146875 0.1703125
4 0.1953125 0.70703125 0.140625 0.159375
1 0.33828125 0.91171875 0.1515625 0.16875
4 0.94609375 0.69140625 0.1078125 0.1640625
2 0.821875 0.8078125 0.1140625 0.140625
1 0.7765625 0.0671875 0.140625 0.134375
3 0.9125 0.49765625 0.146875 0.1546875
4 0.4015625 0.69609375 0.1453125 0.1640625
4 0.8953125 0.25234375 0.1375 0.1515625
3 0.48828125 0.8875 0.1296875 0.153125
2 0.6171875 0.07421875 0.11875 0.1421875
4 0.7796875 0.59375 0.128125 0.1484375
4 0.49296875 0.3328125 0.1296875 0.1375
4 0.42421875 0.1546875 0.140625 0.1625