0 0.91640625 0.13359375 0.14921875 0.16953125
0 0.4515625 0.2515625 0.12421875 0.146875
0 0.6546875 0.85234375 0.14296875 0.16328125
0 0.471875 0.43671875 0.13515625 0.15390625
1 0.153125 0.46875 0.1109375 0.13203125
4 0.090625 0.28359375 0.11953125 0.14140625
1 0.14609375 0.70546875 0.1046875 0.13125
1 0.84140625 0.4265625 0.11640625 0.13125
2 0.4765625 0.63515625 0.0875 0.115625
3 0.3125 0.4328125 0.1140625 0.159375
3 0.6046875 0.19296875 0.10859375 0.13828125
1 0.7625 0.18515625 0.13203125 0.14765625
3 0.31796875 0.65546875 0.121875 0.14140625
3 0.42109375 0.90234375 0.128125 0.14140625
3 0.64453125 0.44453125 0.10703125 0.14921875
1 0.13984375 0.9125 0.11796875 0.11875
2 0.88046875 0.92578125 0.10625 0.121875
3 0.26796875 0.221875 0.12734375 0.1375
4 0.91953125 0.62734375 0.13046875 0.13828125
2 0.76171875 0.66875 0.11796875 0.13046875