1 0.9390625 0.5859375 0.121875 0.146875
3 0.63125 0.68359375 0.11875 0.140625
3 0.31796875 0.6859375 0.128125 0.1546875
0 0.70546875 0.34765625 0.1640625 0.171875
0 0.53359375 0.521875 0.16875 0.18125
0 0.1609375 0.896875 0.175 0.203125
2 0.8546875 0.1765625 0.1203125 0.1265625
3 0.7921875 0.59453125 0.1375 0.1515625
3 0.35390625 0.42890625 0.1296875 0.1421875
0 0.14453125 0.39375 0.1453125 0.1671875
0 0.4828125 0.72890625 0.1515625 0.165625
0 0.06328125 0.2 0.1265625 0.16875
0 0.1625 0.67265625 0.1421875 0.1609375
4 0.6796875 0.87578125 0.1328125 0.1484375
4 0.32109375 0.2046875 0.1375 0.1546875
4 0.878125 0.84453125 0.1515625 0.15625
4 0.38515625 0.9203125 0.1421875 0.1578125
4 0.51875 0.1953125 0.1359375 0.15625
4 0.91640625 0.38671875 0.1421875 0.15
4 0.665625 0.15234375 0.1140625 0.134375