1 0.9375 0.4671875 0.11171875 0.134375
3 0.52421875 0.6171875 0.10703125 0.15078125
2 0.7796875 0.4703125 0.103125 0.1125
2 0.2328125 0.6609375 0.090625 0.10078125
4 0.85546875 0.6703125 0.11796875 0.134375
2 0.45 0.1453125 0.10234375 0.115625
0 0.7421875 0.27265625 0.1375 0.16171875
2 0.08359375 0.91015625 0.1234375 0.1359375
2 0.6953125 0.70859375 0.103125 0.12265625
4 0.1515625 0.453125 0.103125 0.1203125
3 0.25 0.86796875 0.1109375 0.14765625
4 0.12578125 0.23671875 0.10390625 0.12734375
4 0.540625 0.85703125 0.11796875 0.13203125
4 0.37109375 0.9046875 0.103125 0.1203125
2 0.78828125 0.89921875 0.10546875 0.13984375
2 0.496875 0.3765625 0.10390625 0.14140625
3 0.290625 0.45390625 0.10625 0.121875
3 0.384375 0.6953125 0.10859375 0.13671875
1 0.2765625 0.2203125 0.1109375 0.1484375
3 0.93984375 0.19140625 0.1125 0.14921875