0 0.23984375 0.2140625 0.1609375 0.1578125
3 0.4125 0.275 0.1203125 0.15
3 0.815625 0.14375 0.1359375 0.1640625
4 0.75234375 0.5625 0.1265625 0.140625
0 0.8984375 0.35625 0.1578125 0.175
0 0.3796875 0.6078125 0.15625 0.1875
1 0.19296875 0.8296875 0.1296875 0.1359375
1 0.5875 0.52578125 0.13125 0.1625
4 0.41015625 0.065625 0.1328125 0.13125
4 0.35546875 0.85703125 0.125 0.15
4 0.2203125 0.4171875 0.15625 0.190625
3 0.51875 0.8484375 0.1421875 0.146875
3 0.909375 0.621875 0.128125 0.15625
3 0.1953125 0.03984375 0.1375 0.0796875
3 0.6921875 0.36796875 0.1265625 0.1375
3 0.13203125 0.609375 0.128125 0.153125
3 0.0609375 0.77109375 0.121875 0.1484375
4 0.7984375 0.83203125 0.1390625 0.14375
4 0.9765625 0.1625 0.046875 0.1625
4 0.58984375 0.1796875 0.1234375 0.1328125