1 0.74921875 0.61640625 0.1359375 0.1421875
1 0.4921875 0.8359375 0.1203125 0.1328125
2 0.6484375 0.1046875 0.109375 0.1203125
0 0.4640625 0.14609375 0.1453125 0.1625
0 0.8953125 0.753125 0.140625 0.146875
0 0.91953125 0.45625 0.1390625 0.175
2 0.453125 0.3328125 0.103125 0.1234375
0 0.1 0.3546875 0.1546875 0.1828125
4 0.65234375 0.83359375 0.1203125 0.1515625
4 0.30625 0.57890625 0.125 0.1484375
0 0.2515625 0.3 0.1171875 0.16875
4 0.1484375 0.6328125 0.1375 0.1578125
4 0.11328125 0.11875 0.11875 0.14375
4 0.28984375 0.7875 0.134375 0.1609375
2 0.91796875 0.94296875 0.1171875 0.1140625
1 0.12578125 0.86484375 0.1296875 0.1625
4 0.26953125 0.10234375 0.1375 0.1578125
4 0.884375 0.2734375 0.121875 0.1515625
4 0.7125 0.36484375 0.115625 0.1390625
1 0.46640625 0.59921875 0.1203125 0.1484375