1 0.86171875 0.84296875 0.128125 0.15
1 0.90625 0.39375 0.1296875 0.1578125
4 0.8796875 0.61953125 0.128125 0.153125
3 0.2640625 0.58359375 0.134375 0.159375
3 0.5796875 0.1375 0.1328125 0.159375
0 0.1671875 0.26171875 0.171875 0.203125
0 0.55234375 0.34453125 0.165625 0.175
3 0.1234375 0.4578125 0.128125 0.165625
3 0.709375 0.58515625 0.1265625 0.15625
1 0.9234375 0.19453125 0.13125 0.1609375
4 0.79375 0.14140625 0.1359375 0.153125
4 0.05859375 0.6375 0.1171875 0.153125
4 0.74453125 0.37265625 0.1421875 0.16875
4 0.28671875 0.8203125 0.1484375 0.178125
4 0.53984375 0.9046875 0.146875 0.178125
0 0.1 0.88046875 0.1703125 0.15625
4 0.67578125 0.92265625 0.1296875 0.1546875
4 0.5125 0.66171875 0.1359375 0.146875
3 0.3578125 0.4015625 0.1421875 0.14375
4 0.33125 0.15703125 0.1421875 0.1484375