0 0.31484375 0.07890625 0.1546875 0.1578125
0 0.70078125 0.7375 0.140625 0.18125
0 0.2140625 0.30078125 0.128125 0.1671875
0 0.90234375 0.85234375 0.1484375 0.1703125
0 0.78515625 0.13984375 0.1359375 0.1890625
4 0.4796875 0.33125 0.128125 0.1578125
3 0.94609375 0.34765625 0.1078125 0.1390625
4 0.51171875 0.12265625 0.1234375 0.1578125
2 0.24609375 0.815625 0.115625 0.1328125
3 0.88359375 0.54609375 0.1203125 0.146875
4 0.11015625 0.08203125 0.13125 0.1453125
2 0.71015625 0.559375 0.10625 0.11875
2 0.22890625 0.48046875 0.11875 0.13125
4 0.36953125 0.90078125 0.13125 0.1453125
1 0.778125 0.33671875 0.10625 0.1421875
4 0.9234375 0.13828125 0.1421875 0.146875
2 0.08203125 0.68828125 0.125 0.1375
1 0.55859375 0.55234375 0.121875 0.146875
0 0.4140625 0.5890625 0.13125 0.15625
2 0.5546875 0.7953125 0.1078125 0.140625