1 0.22734375 0.70546875 0.1375 0.1609375
1 0.2796875 0.9359375 0.134375 0.128125
1 0.34765625 0.16328125 0.1390625 0.1625
1 0.56875 0.8890625 0.15625 0.1828125
0 0.40703125 0.68046875 0.14375 0.1515625
0 0.73203125 0.47734375 0.1890625 0.20625
3 0.5078125 0.38828125 0.140625 0.165625
0 0.88046875 0.45390625 0.18125 0.209375
0 0.41875 0.903125 0.16875 0.19375
3 0.80859375 0.2546875 0.159375 0.184375
2 0.78046875 0.87890625 0.140625 0.153125
0 0.76875 0.66640625 0.171875 0.2125
2 0.91953125 0.6671875 0.1390625 0.1640625
2 0.0328125 0.24375 0.065625 0.16875
3 0.53828125 0.61484375 0.1265625 0.1484375
4 0.72265625 0.0703125 0.1734375 0.140625
1 0.59453125 0.23515625 0.1484375 0.1484375
1 0.0640625 0.44765625 0.128125 0.1796875
1 0.35078125 0.4828125 0.15625 0.16875
4 0.23125 0.20703125 0.1375 0.1625