3 0.5734375 0.903125 0.1078125 0.11953125
1 0.79375 0.45 0.11640625 0.12734375
0 0.72890625 0.67265625 0.1296875 0.18515625
0 0.38515625 0.29375 0.11015625 0.1859375
1 0.21796875 0.22265625 0.11328125 0.13125
3 0.41875 0.50703125 0.10234375 0.12890625
2 0.58046875 0.41484375 0.10703125 0.1328125
0 0.9046875 0.6609375 0.13984375 0.1484375
0 0.93515625 0.14453125 0.1296875 0.1890625
2 0.7484375 0.92421875 0.1078125 0.1375
0 0.6171875 0.16328125 0.11640625 0.17734375
0 0.5828125 0.6671875 0.1140625 0.153125
0 0.10390625 0.8875 0.1296875 0.16953125
4 0.909375 0.9046875 0.115625 0.1421875
2 0.26640625 0.8203125 0.10390625 0.140625
1 0.771875 0.14453125 0.1265625 0.1453125
3 0.94609375 0.4921875 0.09765625 0.12890625
1 0.40234375 0.13515625 0.1234375 0.12109375
1 0.41796875 0.80703125 0.11484375 0.15234375
1 0.15625 0.5375 0.1046875 0.13125