0 0.59921875 0.5578125 0.15625 0.2
0 0.06875 0.74921875 0.1375 0.2140625
0 0.60234375 0.33515625 0.146875 0.1890625
0 0.4140625 0.90859375 0.159375 0.1796875
4 0.74765625 0.61484375 0.14375 0.1578125
1 0.415625 0.07734375 0.1328125 0.1546875
4 0.6921875 0.1671875 0.1546875 0.1734375
1 0.4796875 0.3171875 0.146875 0.15625
3 0.26796875 0.41796875 0.1484375 0.171875
4 0.20546875 0.57578125 0.1421875 0.1515625
2 0.3875 0.63828125 0.1265625 0.1359375
4 0.78203125 0.81484375 0.1421875 0.1640625
1 0.77578125 0.4125 0.159375 0.1578125
4 0.23359375 0.82265625 0.1453125 0.153125
4 0.9109375 0.24140625 0.1375 0.15625
3 0.59609375 0.909375 0.128125 0.1484375
3 0.93046875 0.5640625 0.1390625 0.159375
2 0.11015625 0.3796875 0.1359375 0.1625
2 0.2328125 0.08125 0.14375 0.1625
2 0.059375 0.54765625 0.11875 0.1640625