0 0.621875 0.84140625 0.1640625 0.1984375
0 0.06015625 0.25 0.1203125 0.203125
0 0.546875 0.06953125 0.153125 0.1390625
1 0.95078125 0.790625 0.0984375 0.153125
3 0.8453125 0.425 0.1265625 0.14375
1 0.38046875 0.884375 0.14375 0.1578125
1 0.66640625 0.45390625 0.1265625 0.1359375
1 0.3953125 0.3484375 0.1328125 0.14375
3 0.4609375 0.54453125 0.1421875 0.1515625
3 0.7140625 0.09453125 0.1484375 0.171875
3 0.88984375 0.61328125 0.1484375 0.159375
4 0.58359375 0.2375 0.1625 0.18125
3 0.1765625 0.86796875 0.1453125 0.15625
1 0.27734375 0.56640625 0.15 0.1640625
2 0.215625 0.3765625 0.1484375 0.1625
2 0.09765625 0.5734375 0.125 0.14375
2 0.81796875 0.82890625 0.13125 0.15
2 0.7171875 0.6234375 0.1328125 0.15625
0 0.40625 0.15 0.1640625 0.178125
2 0.190625 0.175 0.1328125 0.159375