1 0.8203125 0.9375 0.159375 0.125
3 0.64140625 0.5875 0.13125 0.1515625
3 0.42109375 0.809375 0.15625 0.16875
2 0.846875 0.20625 0.1453125 0.153125
2 0.6265625 0.18125 0.140625 0.1515625
2 0.6078125 0.76953125 0.1328125 0.1546875
2 0.79375 0.38046875 0.146875 0.15
2 0.921875 0.578125 0.1390625 0.159375
0 0.3328125 0.51875 0.1875 0.209375
2 0.04375 0.76171875 0.0875 0.1609375
0 0.11484375 0.57421875 0.1578125 0.20625
2 0.1609375 0.76875 0.1359375 0.159375
2 0.96171875 0.33359375 0.0765625 0.1421875
2 0.653125 0.95234375 0.1375 0.0953125
0 0.84375 0.75234375 0.1828125 0.1921875
4 0.3328125 0.28203125 0.153125 0.1734375
3 0.1921875 0.33125 0.1328125 0.140625
4 0.46171875 0.14765625 0.146875 0.16875
4 0.48828125 0.50625 0.128125 0.15
4 0.31640625 0.09609375 0.1359375 0.14375