1 0.96171875 0.6828125 0.0765625 0.140625
1 0.2109375 0.91640625 0.146875 0.1671875
0 0.20546875 0.41796875 0.1625 0.1765625
2 0.47109375 0.52109375 0.134375 0.1421875
2 0.37890625 0.296875 0.1390625 0.153125
0 0.590625 0.0765625 0.1625 0.153125
0 0.05546875 0.190625 0.1109375 0.2
0 0.584375 0.77421875 0.1671875 0.2
0 0.8046875 0.7640625 0.15 0.190625
0 0.0640625 0.39375 0.128125 0.2
4 0.628125 0.4921875 0.146875 0.1640625
0 0.80078125 0.053125 0.1765625 0.10625
3 0.37265625 0.109375 0.1328125 0.1453125
2 0.73671875 0.28125 0.1203125 0.1375
4 0.3640625 0.92421875 0.134375 0.1515625
3 0.5171875 0.32109375 0.1453125 0.1640625
3 0.27421875 0.7328125 0.153125 0.1609375
4 0.7671875 0.53359375 0.165625 0.1859375
3 0.1953125 0.21796875 0.121875 0.1265625
4 0.91171875 0.4484375 0.1421875 0.15625