0 0.31171875 0.6015625 0.1671875 0.2203125
0 0.16328125 0.8296875 0.1421875 0.1546875
0 0.88671875 0.68203125 0.1703125 0.1875
4 0.93203125 0.24375 0.1359375 0.159375
1 0.92578125 0.428125 0.1484375 0.171875
4 0.571875 0.70546875 0.140625 0.15
0 0.46875 0.09375 0.171875 0.1875
0 0.359375 0.3890625 0.153125 0.1875
1 0.1625 0.6328125 0.1453125 0.1734375
1 0.71640625 0.5265625 0.1390625 0.1515625
1 0.1640625 0.421875 0.15 0.1796875
3 0.5515625 0.88984375 0.140625 0.146875
2 0.74296875 0.265625 0.1421875 0.178125
3 0.21875 0.24375 0.146875 0.1703125
4 0.034375 0.80859375 0.06875 0.1609375
3 0.31875 0.87265625 0.1421875 0.146875
2 0.19140625 0.059375 0.1421875 0.11875
4 0.546875 0.44453125 0.1296875 0.1546875
2 0.78125 0.87578125 0.1609375 0.196875
0 0.6109375 0.23671875 0.1578125 0.165625