0 0.1578125 0.56328125 0.1796875 0.1984375
0 0.75078125 0.37578125 0.1765625 0.21875
0 0.36328125 0.77890625 0.1671875 0.190625
0 0.4546875 0.5328125 0.1703125 0.2203125
0 0.703125 0.09296875 0.153125 0.1640625
0 0.7265625 0.7359375 0.1703125 0.1890625
0 0.265625 0.93203125 0.184375 0.1359375
1 0.50234375 0.11484375 0.14375 0.1625
4 0.88046875 0.2546875 0.1375 0.15
3 0.165625 0.7390625 0.13125 0.1625
4 0.578125 0.37109375 0.1421875 0.153125
4 0.94765625 0.55703125 0.1046875 0.1484375
3 0.09453125 0.365625 0.1515625 0.1859375
3 0.94453125 0.784375 0.1109375 0.16875
4 0.55859375 0.8078125 0.15 0.159375
3 0.6109375 0.55859375 0.140625 0.1578125
1 0.84140625 0.06484375 0.1265625 0.1296875
2 0.221875 0.1671875 0.140625 0.15
2 0.4140625 0.34296875 0.1390625 0.1515625
3 0.321875 0.5890625 0.153125 0.1671875