1 0.91875 0.59765625 0.1515625 0.159375
2 0.184375 0.1890625 0.1390625 0.1453125
0 0.49140625 0.653125 0.1515625 0.1859375
2 0.3015625 0.5 0.134375 0.1421875
1 0.03984375 0.2421875 0.0796875 0.165625
1 0.92578125 0.80703125 0.1484375 0.1765625
1 0.509375 0.0734375 0.140625 0.146875
0 0.50078125 0.40625 0.1578125 0.2046875
2 0.08515625 0.6625 0.1328125 0.14375
2 0.85703125 0.22109375 0.125 0.125
3 0.690625 0.5453125 0.128125 0.1390625
3 0.05703125 0.4484375 0.1140625 0.153125
3 0.24375 0.9390625 0.15 0.121875
2 0.33203125 0.22265625 0.1203125 0.1375
3 0.49140625 0.859375 0.11875 0.14375
4 0.690625 0.2359375 0.1484375 0.175
3 0.66171875 0.046875 0.1296875 0.09375
0 0.7703125 0.840625 0.159375 0.1890625
4 0.8296875 0.421875 0.1390625 0.1578125
4 0.33203125 0.67734375 0.1390625 0.146875