1 0.8265625 0.68984375 0.1265625 0.1421875
1 0.3046875 0.44453125 0.1171875 0.125
1 0.16953125 0.0734375 0.1328125 0.146875
0 0.6734375 0.62421875 0.1359375 0.1359375
0 0.72578125 0.45234375 0.15625 0.1953125
0 0.30625 0.2078125 0.1390625 0.146875
0 0.45703125 0.28125 0.125 0.165625
2 0.73203125 0.275 0.09375 0.1109375
3 0.50625 0.5765625 0.1171875 0.1390625
0 0.07421875 0.76015625 0.134375 0.18125
4 0.2328125 0.84921875 0.1140625 0.1390625
0 0.49140625 0.07109375 0.1453125 0.1421875
0 0.30625 0.66015625 0.159375 0.196875
0 0.14453125 0.30625 0.1125 0.165625
4 0.84609375 0.89921875 0.1203125 0.1453125
3 0.43125 0.859375 0.115625 0.1375
4 0.08515625 0.57109375 0.121875 0.1453125
3 0.91484375 0.134375 0.125 0.1515625
4 0.6578125 0.8078125 0.1328125 0.1640625
1 0.91953125 0.4796875 0.128125 0.15