0 0.51015625 0.90390625 0.1484375 0.1921875
0 0.91328125 0.23515625 0.140625 0.178125
3 0.434375 0.12109375 0.1109375 0.134375
2 0.7859375 0.17421875 0.1109375 0.1453125
0 0.9171875 0.68359375 0.1171875 0.175
0 0.54140625 0.675 0.1578125 0.196875
4 0.17734375 0.43515625 0.1171875 0.1390625
0 0.27109375 0.18203125 0.1375 0.1421875
0 0.15078125 0.1484375 0.1171875 0.1703125
2 0.54609375 0.32265625 0.1 0.1390625
3 0.865625 0.93125 0.121875 0.1375
4 0.71640625 0.7265625 0.1203125 0.146875
3 0.6984375 0.93515625 0.1125 0.1296875
4 0.75390625 0.409375 0.134375 0.1625
1 0.603125 0.13828125 0.121875 0.1453125
4 0.1796875 0.81015625 0.1296875 0.1640625
4 0.3859375 0.8296875 0.10625 0.125
4 0.32421875 0.35625 0.11875 0.15
4 0.359375 0.54296875 0.128125 0.140625
3 0.8984375 0.41328125 0.1125 0.1296875