1 0.89453125 0.33203125 0.12890625 0.140625
1 0.2609375 0.7109375 0.1109375 0.1234375
0 0.80859375 0.12421875 0.1359375 0.1546875
1 0.1203125 0.9109375 0.103125 0.1265625
2 0.73515625 0.66875 0.11171875 0.125
0 0.725 0.91171875 0.115625 0.1609375
0 0.31953125 0.5046875 0.11171875 0.1578125
0 0.6546875 0.3578125 0.12890625 0.171875
0 0.27890625 0.91015625 0.12890625 0.15
4 0.4875 0.4203125 0.109375 0.14375
2 0.140625 0.240625 0.109375 0.121875
0 0.2859375 0.12265625 0.1234375 0.1375
4 0.5734375 0.66796875 0.12265625 0.1421875
0 0.153125 0.46328125 0.12578125 0.17578125
2 0.3234375 0.325 0.11796875 0.14296875
2 0.9359375 0.540625 0.11484375 0.15078125
2 0.5265625 0.93125 0.10625 0.1359375
2 0.38515625 0.70859375 0.0953125 0.1328125
1 0.9390625 0.7671875 0.1140625 0.14765625
3 0.60390625 0.12265625 0.11484375 0.14375