0 0.684375 0.77578125 0.1484375 0.1578125
0 0.3546875 0.77734375 0.1375 0.1828125
0 0.65 0.2859375 0.11875 0.178125
0 0.45078125 0.27734375 0.159375 0.2015625
1 0.8578125 0.2171875 0.1296875 0.1484375
0 0.3765625 0.5375 0.1515625 0.15
0 0.60390625 0.0890625 0.1515625 0.1546875
1 0.84453125 0.7828125 0.1265625 0.1453125
3 0.23828125 0.5765625 0.140625 0.16875
4 0.21796875 0.140625 0.13125 0.1546875
2 0.0765625 0.1828125 0.1328125 0.13125
1 0.7859375 0.05625 0.128125 0.1125
2 0.84140625 0.5796875 0.140625 0.1625
3 0.32109375 0.36484375 0.1296875 0.1546875
0 0.36953125 0.11953125 0.1484375 0.1578125
4 0.12734375 0.88828125 0.1171875 0.1421875
3 0.09609375 0.67578125 0.134375 0.1828125
2 0.140625 0.38359375 0.1265625 0.1421875
2 0.52578125 0.89453125 0.1171875 0.1453125
2 0.646875 0.4703125 0.115625 0.1375