0 0.83984375 0.52109375 0.1765625 0.2
0 0.7921875 0.3375 0.140625 0.1875
0 0.07421875 0.37734375 0.1484375 0.1890625
0 0.94140625 0.7203125 0.1171875 0.203125
0 0.41796875 0.7046875 0.1390625 0.171875
0 0.634375 0.3578125 0.1609375 0.1609375
0 0.68515625 0.52421875 0.16875 0.19375
4 0.571875 0.86328125 0.140625 0.1546875
0 0.8234375 0.8015625 0.1609375 0.1765625
4 0.13203125 0.6140625 0.15625 0.1734375
3 0.55078125 0.659375 0.14375 0.165625
4 0.4140625 0.88828125 0.1375 0.146875
2 0.503125 0.16171875 0.1296875 0.1328125
4 0.240625 0.825 0.15 0.1609375
3 0.11796875 0.15625 0.1515625 0.171875
3 0.4578125 0.37109375 0.1375 0.1625
4 0.62421875 0.06171875 0.1484375 0.1234375
2 0.246875 0.39609375 0.125 0.1453125
2 0.79375 0.0671875 0.15625 0.134375
2 0.3375 0.12578125 0.13125 0.159375