0 0.9296875 0.55546875 0.12890625 0.1484375
3 0.71796875 0.8953125 0.125 0.14609375
1 0.29296875 0.325 0.128125 0.1421875
2 0.44453125 0.134375 0.10546875 0.1328125
0 0.9140625 0.834375 0.1265625 0.1515625
2 0.59765625 0.1953125 0.1125 0.128125
0 0.49296875 0.81875 0.11875 0.165625
2 0.32265625 0.64609375 0.10625 0.11796875
1 0.79375 0.653125 0.11015625 0.1453125
0 0.1109375 0.8875 0.13984375 0.18515625
0 0.14140625 0.20078125 0.12734375 0.16484375
4 0.1046875 0.365625 0.11484375 0.1375
3 0.81015625 0.334375 0.1203125 0.1453125
4 0.1296875 0.59296875 0.1171875 0.1390625
2 0.46875 0.4140625 0.11015625 0.15625
1 0.64765625 0.43671875 0.11484375 0.12890625
1 0.846875 0.1171875 0.1390625 0.14765625
4 0.55234375 0.6109375 0.1203125 0.153125
2 0.29375 0.125 0.11015625 0.13671875
1 0.3515625 0.86328125 0.11015625 0.14296875