0 0.496875 0.384375 0.1203125 0.1734375
0 0.721875 0.203125 0.146875 0.19375
0 0.43203125 0.64375 0.1390625 0.159375
0 0.49140625 0.87578125 0.125 0.175
0 0.66953125 0.43828125 0.15625 0.178125
2 0.19765625 0.109375 0.1046875 0.1296875
1 0.88046875 0.2390625 0.13125 0.165625
4 0.67109375 0.63515625 0.13125 0.1375
4 0.82109375 0.6609375 0.125 0.146875
2 0.1765625 0.32109375 0.0984375 0.125
2 0.828125 0.4203125 0.109375 0.1140625
2 0.24609375 0.5953125 0.1078125 0.125
4 0.7078125 0.8375 0.1078125 0.1359375
3 0.27890625 0.8546875 0.1421875 0.165625
2 0.35234375 0.36953125 0.1078125 0.1296875
1 0.846875 0.8703125 0.121875 0.1484375
2 0.37421875 0.10546875 0.1234375 0.14375
4 0.06328125 0.73671875 0.1265625 0.1515625
4 0.5140625 0.1703125 0.1234375 0.1625
1 0.08046875 0.52265625 0.103125 0.1203125