0 0.12578125 0.36640625 0.1625 0.203125
0 0.3265625 0.4984375 0.1609375 0.19375
0 0.50546875 0.8328125 0.16875 0.1796875
0 0.734375 0.4296875 0.1515625 0.18125
0 0.37734375 0.690625 0.1390625 0.1484375
1 0.1203125 0.7078125 0.1421875 0.1578125
3 0.93203125 0.5375 0.1359375 0.16875
3 0.87265625 0.29140625 0.1421875 0.1578125
2 0.94765625 0.746875 0.1046875 0.134375
4 0.26171875 0.92265625 0.1515625 0.1546875
4 0.8109375 0.81640625 0.140625 0.1609375
3 0.53671875 0.4046875 0.1453125 0.16875
3 0.26796875 0.15078125 0.15 0.165625
1 0.671875 0.80859375 0.125 0.1421875
4 0.590625 0.58515625 0.13125 0.1625
3 0.47734375 0.18125 0.146875 0.15625
4 0.8203125 0.05546875 0.140625 0.1109375
4 0.65390625 0.20625 0.1546875 0.16875
4 0.084375 0.17578125 0.134375 0.153125
4 0.803125 0.65859375 0.1078125 0.1234375