0 0.246875 0.12578125 0.14375 0.1765625
0 0.5890625 0.81015625 0.146875 0.153125
0 0.29140625 0.51796875 0.159375 0.2109375
0 0.41015625 0.278125 0.16875 0.2046875
0 0.06015625 0.1578125 0.1203125 0.184375
3 0.803125 0.2515625 0.1390625 0.15625
3 0.1453125 0.578125 0.140625 0.1734375
3 0.06640625 0.40078125 0.1328125 0.1546875
4 0.696875 0.6125 0.1265625 0.1421875
3 0.871875 0.04609375 0.121875 0.0921875
3 0.3390625 0.72734375 0.1125 0.14375
1 0.61328125 0.27578125 0.1296875 0.140625
1 0.54375 0.0921875 0.1375 0.1515625
2 0.74375 0.8140625 0.1375 0.1578125
2 0.12890625 0.8046875 0.121875 0.1421875
2 0.9171875 0.43828125 0.1125 0.121875
4 0.25234375 0.3109375 0.1359375 0.1625
4 0.4046875 0.8875 0.1296875 0.153125
1 0.92109375 0.69765625 0.1453125 0.1671875
2 0.509375 0.48046875 0.1265625 0.1484375