2 0.92265625 0.875 0.09609375 0.11484375
1 0.10625 0.43984375 0.12109375 0.146875
0 0.33828125 0.2125 0.12734375 0.159375
1 0.9078125 0.39921875 0.1140625 0.14453125
0 0.465625 0.44921875 0.1484375 0.1609375
0 0.678125 0.51875 0.11484375 0.15234375
1 0.90390625 0.5796875 0.1140625 0.1453125
2 0.48984375 0.675 0.1015625 0.12578125
3 0.246875 0.396875 0.1046875 0.15703125
0 0.9390625 0.1921875 0.1140625 0.17109375
2 0.53203125 0.91328125 0.1109375 0.134375
3 0.71015625 0.746875 0.125 0.128125
4 0.33828125 0.65625 0.13125 0.13203125
4 0.72734375 0.19921875 0.1265625 0.15234375
4 0.36171875 0.85703125 0.10859375 0.13828125
4 0.56015625 0.2546875 0.1109375 0.13671875
2 0.1703125 0.8984375 0.09296875 0.11328125
4 0.1015625 0.6203125 0.1328125 0.16328125
4 0.08828125 0.09921875 0.10859375 0.128125
4 0.6859375 0.91640625 0.12578125 0.15546875