1 0.24375 0.1421875 0.11171875 0.13515625
2 0.26796875 0.33046875 0.10234375 0.11875
0 0.86015625 0.29453125 0.13125 0.16171875
1 0.90703125 0.1390625 0.1203125 0.13359375
2 0.08125 0.12734375 0.10625 0.1265625
3 0.43125 0.8890625 0.12265625 0.1375
0 0.6828125 0.3703125 0.12421875 0.16015625
0 0.0953125 0.84765625 0.10390625 0.1484375
2 0.77109375 0.59609375 0.12265625 0.13828125
0 0.078125 0.609375 0.14765625 0.17421875
2 0.46875 0.2234375 0.128125 0.153125
4 0.27734375 0.93515625 0.1046875 0.1296875
2 0.4828125 0.4265625 0.1125 0.14296875
4 0.925 0.528125 0.10390625 0.13671875
4 0.6921875 0.13203125 0.125 0.15390625
2 0.575 0.62890625 0.10859375 0.1375
2 0.37578125 0.65859375 0.10703125 0.140625
4 0.86171875 0.91875 0.1125 0.1453125
3 0.1140625 0.3609375 0.08984375 0.11640625
3 0.584375 0.88984375 0.12734375 0.140625