1 0.55625 0.821875 0.1359375 0.153125
1 0.890625 0.4921875 0.1453125 0.1625
0 0.72421875 0.7859375 0.1671875 0.1828125
0 0.1421875 0.72578125 0.1390625 0.1640625
2 0.253125 0.365625 0.128125 0.1421875
1 0.809375 0.2796875 0.1421875 0.1546875
2 0.50546875 0.071875 0.1484375 0.14375
0 0.74453125 0.5953125 0.1515625 0.1671875
3 0.328125 0.70859375 0.1359375 0.1578125
0 0.43828125 0.3140625 0.1796875 0.209375
1 0.253125 0.93515625 0.11875 0.1296875
0 0.36875 0.13359375 0.146875 0.1765625
0 0.38359375 0.89609375 0.1515625 0.2078125
3 0.7796875 0.04140625 0.14375 0.0828125
2 0.16875 0.1921875 0.1171875 0.146875
3 0.13671875 0.475 0.1421875 0.165625
4 0.89609375 0.80546875 0.1390625 0.1625
4 0.50859375 0.53203125 0.14375 0.1609375
4 0.03359375 0.1890625 0.0671875 0.18125
2 0.61328125 0.24375 0.1171875 0.14375