4 0.49375 0.86328125 0.1234375 0.1296875
0 0.715625 0.32265625 0.1171875 0.165625
2 0.4375 0.2953125 0.128125 0.140625
0 0.87265625 0.36015625 0.1734375 0.18125
0 0.15390625 0.88125 0.15625 0.1546875
1 0.44375 0.60546875 0.11875 0.1421875
0 0.4484375 0.0953125 0.140625 0.1546875
3 0.59453125 0.1 0.1140625 0.1421875
2 0.29296875 0.8421875 0.1265625 0.1390625
0 0.72734375 0.5203125 0.1578125 0.190625
0 0.85546875 0.171875 0.1328125 0.1578125
0 0.6984375 0.740625 0.1515625 0.203125
0 0.2875 0.1046875 0.1203125 0.1609375
3 0.05 0.1296875 0.1 0.1375
4 0.86484375 0.82421875 0.125 0.1484375
4 0.2578125 0.6140625 0.128125 0.159375
4 0.09375 0.5828125 0.1359375 0.16875
2 0.90625 0.62265625 0.1125 0.13125
4 0.575 0.48203125 0.13125 0.1421875
3 0.1453125 0.29140625 0.1328125 0.14375