0 0.9484375 0.66953125 0.103125 0.14609375
0 0.15234375 0.45859375 0.10703125 0.1609375
0 0.334375 0.68515625 0.103125 0.1609375
0 0.11796875 0.8890625 0.13515625 0.14921875
4 0.165625 0.671875 0.1328125 0.15234375
3 0.11015625 0.2078125 0.11484375 0.14765625
2 0.34140625 0.12890625 0.0890625 0.1109375
3 0.4734375 0.5609375 0.103125 0.14453125
3 0.6484375 0.32734375 0.11484375 0.1328125
1 0.78359375 0.89609375 0.1140625 0.134375
4 0.4125 0.3390625 0.10703125 0.13671875
4 0.9359375 0.8578125 0.11171875 0.13359375
3 0.6046875 0.5484375 0.121875 0.13671875
1 0.79765625 0.69921875 0.11953125 0.13515625
1 0.52421875 0.12578125 0.1125 0.1484375
3 0.94140625 0.1484375 0.1171875 0.128125
2 0.5515625 0.834375 0.10625 0.1515625
4 0.7546875 0.13046875 0.1125 0.140625
2 0.928125 0.43359375 0.10234375 0.121875
4 0.26171875 0.88984375 0.1265625 0.17265625