0 0.07578125 0.69609375 0.140625 0.19375
0 0.72578125 0.5765625 0.1390625 0.153125
1 0.090625 0.346875 0.1265625 0.1359375
1 0.1890625 0.7453125 0.1234375 0.15
0 0.15 0.14375 0.1625 0.1640625
1 0.58046875 0.534375 0.1375 0.16875
1 0.853125 0.8546875 0.125 0.1484375
4 0.40625 0.79609375 0.1453125 0.178125
0 0.88359375 0.39140625 0.140625 0.1515625
3 0.23046875 0.559375 0.128125 0.15
3 0.90234375 0.17890625 0.15 0.1625
1 0.5703125 0.7625 0.13125 0.1484375
1 0.72578125 0.7640625 0.128125 0.1484375
3 0.4125 0.515625 0.14375 0.165625
2 0.59296875 0.940625 0.1296875 0.11875
1 0.54453125 0.30234375 0.1453125 0.18125
2 0.27109375 0.36796875 0.128125 0.1515625
2 0.696875 0.246875 0.1234375 0.14375
2 0.28984375 0.09765625 0.125 0.1609375
4 0.91015625 0.61171875 0.13125 0.1484375