1 0.1671875 0.74453125 0.1421875 0.1609375
1 0.42265625 0.07578125 0.1546875 0.1515625
4 0.8296875 0.0609375 0.1375 0.121875
2 0.92890625 0.7234375 0.1203125 0.134375
0 0.646875 0.25546875 0.1453125 0.1765625
0 0.88984375 0.54921875 0.1796875 0.203125
0 0.153125 0.91953125 0.1625 0.1609375
0 0.31953125 0.46796875 0.1453125 0.1484375
4 0.8234375 0.26484375 0.125 0.1421875
0 0.346875 0.63203125 0.140625 0.171875
0 0.6578125 0.4625 0.1390625 0.1828125
2 0.78828125 0.73359375 0.1140625 0.13125
0 0.66328125 0.07890625 0.1671875 0.1578125
3 0.36875 0.8203125 0.13125 0.15625
0 0.6203125 0.82265625 0.1859375 0.225
4 0.1109375 0.459375 0.134375 0.15625
4 0.51640625 0.490625 0.1546875 0.1828125
4 0.4671875 0.25625 0.1515625 0.1734375
4 0.05703125 0.284375 0.1140625 0.1875
4 0.2375 0.24765625 0.1546875 0.178125