1 0.925 0.71484375 0.13125 0.1515625
1 0.359375 0.62109375 0.1078125 0.1265625
1 0.87578125 0.90078125 0.128125 0.14375
1 0.1171875 0.88203125 0.134375 0.15625
0 0.79140625 0.1953125 0.1171875 0.1671875
0 0.33359375 0.40390625 0.1625 0.18125
0 0.946875 0.1625 0.10625 0.171875
0 0.89453125 0.53359375 0.15625 0.1875
0 0.39609375 0.8046875 0.1546875 0.1609375
0 0.54921875 0.85703125 0.1359375 0.1890625
0 0.63046875 0.14609375 0.125 0.190625
2 0.54921875 0.6203125 0.1 0.128125
0 0.10703125 0.5609375 0.1375 0.190625
2 0.7015625 0.778125 0.11875 0.1515625
4 0.71953125 0.49453125 0.134375 0.15625
4 0.9296875 0.32734375 0.1125 0.1328125
4 0.11875 0.121875 0.134375 0.1453125
4 0.17421875 0.334375 0.13125 0.1515625
4 0.534375 0.3203125 0.1265625 0.1359375
4 0.3796875 0.1671875 0.1171875 0.121875