1 0.3046875 0.80546875 0.1296875 0.146875
3 0.2703125 0.4890625 0.1390625 0.1734375
3 0.846875 0.753125 0.1453125 0.1515625
2 0.1421875 0.5765625 0.128125 0.1359375
4 0.09921875 0.19296875 0.15 0.159375
2 0.45078125 0.12421875 0.146875 0.1625
4 0.671875 0.6625 0.1453125 0.1640625
3 0.78203125 0.06796875 0.1484375 0.1359375
0 0.475 0.6421875 0.15625 0.1609375
0 0.16171875 0.8765625 0.1515625 0.153125
2 0.615625 0.0609375 0.146875 0.121875
2 0.46015625 0.390625 0.128125 0.15
2 0.659375 0.21796875 0.1390625 0.1625
4 0.64765625 0.44765625 0.1640625 0.1859375
3 0.47578125 0.85078125 0.146875 0.15625
3 0.871875 0.55234375 0.146875 0.1734375
4 0.8984375 0.36640625 0.1578125 0.1703125
4 0.96484375 0.73203125 0.0703125 0.1671875
4 0.06328125 0.36640625 0.1265625 0.1671875
4 0.2953125 0.1390625 0.1359375 0.1453125