1 0.2484375 0.19296875 0.1078125 0.1265625
1 0.58515625 0.33671875 0.11875 0.1484375
1 0.12109375 0.60546875 0.1203125 0.1375
1 0.95 0.83125 0.1 0.146875
1 0.25078125 0.54296875 0.1109375 0.1484375
0 0.409375 0.12890625 0.1171875 0.1453125
0 0.1 0.41875 0.146875 0.1671875
4 0.6640625 0.53203125 0.1171875 0.1359375
3 0.76484375 0.07890625 0.1078125 0.1453125
3 0.07578125 0.2484375 0.1171875 0.1421875
0 0.6046875 0.83359375 0.1453125 0.1921875
4 0.5671875 0.10078125 0.1125 0.125
3 0.42578125 0.8734375 0.121875 0.1390625
0 0.75546875 0.309375 0.1265625 0.1328125
2 0.7828125 0.73359375 0.128125 0.134375
4 0.4078125 0.33515625 0.1203125 0.153125
4 0.92109375 0.18515625 0.125 0.1484375
4 0.4203125 0.64609375 0.125 0.1421875
4 0.915625 0.47421875 0.13125 0.15625
2 0.2 0.83359375 0.1046875 0.125