0 0.45546875 0.5453125 0.12265625 0.14453125
1 0.88125 0.78828125 0.11015625 0.11953125
0 0.0984375 0.45546875 0.14453125 0.17890625
1 0.22421875 0.66953125 0.11484375 0.14921875
0 0.8421875 0.61640625 0.11640625 0.1890625
2 0.60390625 0.36875 0.128125 0.1296875
3 0.75546875 0.8234375 0.115625 0.15
4 0.40703125 0.29765625 0.11953125 0.14765625
3 0.3140625 0.91328125 0.11640625 0.14765625
2 0.9328125 0.13984375 0.11953125 0.1375
4 0.56953125 0.91953125 0.11328125 0.1375
0 0.109375 0.9078125 0.12890625 0.1796875
3 0.81328125 0.43046875 0.1078125 0.12421875
4 0.1734375 0.21015625 0.11640625 0.14375
2 0.62578125 0.13671875 0.12890625 0.14765625
1 0.2609375 0.46484375 0.10546875 0.12265625
2 0.4578125 0.12421875 0.1125 0.1390625
4 0.75703125 0.16796875 0.1140625 0.15703125
1 0.6375 0.54453125 0.11796875 0.12578125
1 0.4078125 0.734375 0.1140625 0.13515625