0 0.5359375 0.45625 0.159375 0.16875
0 0.73671875 0.56484375 0.159375 0.1828125
0 0.45390625 0.6578125 0.1484375 0.1796875
1 0.66953125 0.85078125 0.1328125 0.159375
1 0.8296875 0.896875 0.15 0.1609375
3 0.0515625 0.7515625 0.103125 0.15625
4 0.92734375 0.1453125 0.1390625 0.15
4 0.4453125 0.0875 0.1375 0.159375
2 0.740625 0.11640625 0.134375 0.15
1 0.39609375 0.30234375 0.146875 0.159375
3 0.88515625 0.7109375 0.11875 0.153125
2 0.5734375 0.26640625 0.1453125 0.178125
2 0.2828125 0.5921875 0.11875 0.1328125
2 0.15390625 0.12890625 0.134375 0.146875
0 0.925 0.3734375 0.15 0.1875
3 0.7546875 0.38046875 0.1328125 0.1625
2 0.08671875 0.53359375 0.1328125 0.146875
2 0.23125 0.778125 0.1390625 0.1578125
2 0.146875 0.38671875 0.1265625 0.1421875
4 0.46796875 0.89140625 0.13125 0.140625