0 0.2578125 0.11015625 0.1328125 0.15
0 0.33828125 0.5828125 0.1484375 0.20625
0 0.515625 0.8203125 0.1859375 0.2078125
0 0.28203125 0.35234375 0.146875 0.159375
0 0.4140625 0.09609375 0.146875 0.184375
0 0.08984375 0.2234375 0.1265625 0.153125
0 0.81953125 0.8359375 0.175 0.190625
1 0.865625 0.35 0.140625 0.1578125
3 0.58828125 0.58671875 0.140625 0.175
0 0.36875 0.79765625 0.1484375 0.1703125
1 0.14609375 0.47265625 0.1390625 0.1609375
1 0.18359375 0.7015625 0.125 0.1625
3 0.9671875 0.78515625 0.065625 0.1546875
3 0.2109375 0.91015625 0.1359375 0.153125
2 0.70859375 0.425 0.134375 0.1484375
4 0.92421875 0.58359375 0.1421875 0.165625
4 0.53671875 0.4046875 0.1546875 0.1625
3 0.7328125 0.06015625 0.134375 0.1203125
3 0.5828125 0.08515625 0.1375 0.1515625
2 0.76015625 0.64140625 0.1234375 0.1609375