0 0.76640625 0.175 0.12109375 0.1375
0 0.40546875 0.19140625 0.14375 0.17890625
0 0.07890625 0.16640625 0.125 0.17421875
1 0.11875 0.9171875 0.11328125 0.14921875
0 0.56484375 0.6515625 0.11875 0.128125
4 0.90234375 0.6546875 0.10546875 0.12734375
4 0.32109375 0.63125 0.1015625 0.1140625
0 0.146875 0.70703125 0.14296875 0.18359375
4 0.94921875 0.2484375 0.09609375 0.1125
3 0.44296875 0.40625 0.11953125 0.1375
2 0.89296875 0.44609375 0.12421875 0.1453125
2 0.10703125 0.44296875 0.10078125 0.146875
4 0.33515625 0.86875 0.115625 0.14296875
1 0.24140625 0.42265625 0.1125 0.134375
0 0.6015625 0.1796875 0.13203125 0.1296875
4 0.2453125 0.2390625 0.13125 0.15078125
4 0.72890625 0.7203125 0.1265625 0.1453125
1 0.5515625 0.934375 0.1046875 0.12890625
3 0.73984375 0.5171875 0.09765625 0.121875
4 0.9140625 0.92578125 0.11328125 0.1296875