1 0.190625 0.13828125 0.11328125 0.13984375
1 0.91015625 0.484375 0.1203125 0.14609375
1 0.2671875 0.31796875 0.11640625 0.13203125
1 0.175 0.6875 0.11953125 0.1328125
0 0.1203125 0.428125 0.1203125 0.18984375
0 0.49140625 0.90390625 0.13203125 0.14765625
3 0.79921875 0.259375 0.1046875 0.13671875
4 0.16171875 0.86640625 0.11015625 0.1203125
1 0.840625 0.6828125 0.121875 0.17265625
3 0.31171875 0.63046875 0.10078125 0.13515625
3 0.4375 0.23984375 0.10078125 0.11953125
4 0.890625 0.91328125 0.1125 0.13984375
3 0.325 0.9078125 0.1046875 0.11796875
2 0.43828125 0.45390625 0.10859375 0.14140625
3 0.66953125 0.7171875 0.1234375 0.12734375
1 0.459375 0.70703125 0.10234375 0.13515625
3 0.71171875 0.878125 0.10546875 0.140625
3 0.94296875 0.1625 0.1125 0.1375
4 0.65390625 0.1875 0.09609375 0.128125
4 0.6015625 0.39765625 0.125 0.140625