2 0.5515625 0.6296875 0.13125 0.1390625
1 0.7515625 0.7140625 0.1375 0.153125
0 0.72421875 0.1390625 0.171875 0.19375
1 0.5625 0.91875 0.1296875 0.15625
0 0.71875 0.51875 0.15 0.1796875
0 0.3421875 0.1953125 0.146875 0.1546875
2 0.13359375 0.42578125 0.1234375 0.14375
0 0.52578125 0.11015625 0.1375 0.1578125
3 0.73046875 0.93359375 0.1234375 0.1328125
0 0.109375 0.23203125 0.14375 0.1765625
4 0.17421875 0.88046875 0.125 0.1546875
0 0.8765625 0.5125 0.1328125 0.159375
3 0.13359375 0.6046875 0.1140625 0.1359375
2 0.04609375 0.846875 0.0921875 0.15625
2 0.34765625 0.903125 0.121875 0.15
4 0.93125 0.30703125 0.1375 0.1703125
4 0.47890625 0.36328125 0.1375 0.1484375
1 0.2828125 0.425 0.1421875 0.1765625
1 0.71171875 0.33671875 0.1375 0.159375
3 0.3421875 0.628125 0.1296875 0.1453125