1 0.38125 0.315625 0.115625 0.14609375
0 0.3234375 0.13203125 0.121875 0.14140625
1 0.54296875 0.34765625 0.115625 0.1265625
1 0.78671875 0.134375 0.1078125 0.14375
0 0.33359375 0.628125 0.146875 0.1640625
1 0.92734375 0.22109375 0.10625 0.11875
3 0.13984375 0.33046875 0.10703125 0.1375
0 0.71015625 0.6015625 0.14609375 0.1875
2 0.7125 0.3796875 0.0875 0.1046875
4 0.33984375 0.82890625 0.10625 0.13203125
2 0.48984375 0.84609375 0.1109375 0.13515625
0 0.9046875 0.51796875 0.11328125 0.16484375
0 0.6703125 0.83515625 0.13359375 0.15546875
2 0.88984375 0.88671875 0.0984375 0.1234375
4 0.14453125 0.915625 0.1125 0.140625
4 0.5296875 0.53203125 0.11796875 0.13984375
3 0.12578125 0.13125 0.121875 0.1296875
2 0.0921875 0.50625 0.11953125 0.15546875
2 0.159375 0.725 0.115625 0.140625
3 0.6 0.14453125 0.11875 0.14140625