1 0.75234375 0.4453125 0.1171875 0.15625
1 0.10078125 0.096875 0.1265625 0.1625
1 0.1109375 0.69296875 0.1109375 0.134375
1 0.92734375 0.6765625 0.121875 0.1421875
3 0.528125 0.64609375 0.1109375 0.128125
1 0.903125 0.4296875 0.1140625 0.1421875
0 0.103125 0.490625 0.15625 0.1703125
0 0.52890625 0.828125 0.128125 0.1796875
0 0.67265625 0.79140625 0.1359375 0.1765625
0 0.35703125 0.45 0.1421875 0.1796875
2 0.93828125 0.12734375 0.109375 0.140625
2 0.278125 0.14296875 0.103125 0.103125
4 0.18671875 0.925 0.109375 0.1296875
4 0.27109375 0.63671875 0.1171875 0.146875
2 0.68203125 0.21953125 0.0890625 0.1328125
2 0.5140625 0.446875 0.10625 0.1515625
4 0.36484375 0.83203125 0.125 0.1453125
3 0.55625 0.18125 0.125 0.134375
3 0.921875 0.89453125 0.1265625 0.1453125
4 0.09375 0.3109375 0.1234375 0.159375