3 0.771875 0.3421875 0.10625 0.13828125
0 0.55 0.2875 0.14140625 0.15
2 0.72265625 0.6671875 0.09765625 0.11328125
3 0.1640625 0.1109375 0.11328125 0.14453125
3 0.24921875 0.8328125 0.103125 0.1421875
3 0.43671875 0.8484375 0.11015625 0.13125
0 0.36640625 0.17265625 0.12734375 0.14140625
3 0.534375 0.1140625 0.1109375 0.13984375
0 0.54375 0.575 0.1484375 0.16484375
3 0.87734375 0.9015625 0.11015625 0.1328125
2 0.7640625 0.16953125 0.1046875 0.1078125
0 0.10234375 0.8453125 0.14296875 0.18125
3 0.1328125 0.57734375 0.11171875 0.1328125
3 0.70390625 0.903125 0.12265625 0.15390625
2 0.15859375 0.3203125 0.1046875 0.128125
2 0.940625 0.13359375 0.09609375 0.1265625
3 0.9109375 0.7390625 0.10859375 0.1421875
3 0.93125 0.30703125 0.0953125 0.10078125
3 0.3546875 0.46015625 0.128125 0.13671875
3 0.88671875 0.53203125 0.1171875 0.128125