1 0.5953125 0.809375 0.128125 0.14453125
1 0.08125 0.903125 0.11171875 0.1359375
2 0.62265625 0.20078125 0.109375 0.12109375
3 0.115625 0.528125 0.11953125 0.1328125
2 0.865625 0.36328125 0.11484375 0.12109375
1 0.6203125 0.37265625 0.1140625 0.128125
2 0.88203125 0.92890625 0.13046875 0.1390625
2 0.42734375 0.8671875 0.11171875 0.13046875
4 0.1796875 0.71953125 0.10078125 0.1234375
4 0.10078125 0.15390625 0.1125 0.1390625
2 0.43515625 0.34296875 0.10234375 0.1109375
2 0.75546875 0.5953125 0.096875 0.125
2 0.259375 0.33046875 0.09375 0.1234375
1 0.24609375 0.10078125 0.103125 0.1328125
3 0.35703125 0.61328125 0.1078125 0.13828125
2 0.5265625 0.5578125 0.10078125 0.13203125
4 0.4828125 0.1796875 0.1109375 0.1359375
1 0.25 0.88203125 0.11484375 0.1328125
1 0.88984375 0.18359375 0.11171875 0.128125
3 0.9453125 0.6375 0.1078125 0.1234375