1 0.29609375 0.6203125 0.1359375 0.15
1 0.1234375 0.38515625 0.13125 0.15
2 0.04921875 0.19921875 0.0984375 0.1390625
0 0.84296875 0.13125 0.16875 0.2078125
1 0.209375 0.13984375 0.1328125 0.14375
0 0.50078125 0.084375 0.1765625 0.16875
3 0.30859375 0.39140625 0.1421875 0.153125
3 0.80234375 0.5765625 0.134375 0.1640625
0 0.265625 0.875 0.1703125 0.184375
1 0.9265625 0.4671875 0.146875 0.175
2 0.53046875 0.884375 0.128125 0.1375
1 0.128125 0.6265625 0.1265625 0.1375
0 0.65546875 0.078125 0.1546875 0.15625
0 0.3484375 0.109375 0.1546875 0.196875
3 0.45625 0.68359375 0.1140625 0.1453125
0 0.696875 0.82734375 0.1609375 0.1984375
0 0.8625 0.796875 0.1390625 0.1609375
2 0.57109375 0.48671875 0.121875 0.1453125
1 0.69765625 0.2515625 0.1390625 0.153125
4 0.50625 0.2703125 0.1359375 0.1421875