1 0.2671875 0.2078125 0.1109375 0.1328125
0 0.109375 0.22109375 0.146875 0.190625
0 0.53125 0.86015625 0.15625 0.175
0 0.0859375 0.41484375 0.1421875 0.1859375
0 0.21875 0.63203125 0.1296875 0.1328125
2 0.9484375 0.77421875 0.103125 0.1328125
4 0.259375 0.40390625 0.109375 0.128125
2 0.92890625 0.52578125 0.1234375 0.1296875
0 0.4734375 0.659375 0.1296875 0.1484375
2 0.5984375 0.29453125 0.1234375 0.15625
0 0.76484375 0.67421875 0.15 0.15
2 0.721875 0.865625 0.1234375 0.1390625
0 0.1078125 0.8796875 0.15625 0.190625
4 0.765625 0.2359375 0.1296875 0.146875
4 0.74921875 0.440625 0.1125 0.1328125
2 0.4765625 0.4625 0.1171875 0.1453125
4 0.9171875 0.13203125 0.1171875 0.13125
1 0.3109375 0.896875 0.109375 0.1390625
3 0.91640625 0.359375 0.1109375 0.1359375
4 0.4484375 0.278125 0.1203125 0.13125