1 0.73828125 0.52265625 0.1265625 0.14453125
1 0.5328125 0.665625 0.10625 0.1296875
2 0.92265625 0.91875 0.1234375 0.1328125
0 0.71171875 0.70625 0.11953125 0.16640625
0 0.290625 0.88515625 0.12578125 0.1703125
3 0.33984375 0.153125 0.11171875 0.134375
0 0.7734375 0.20703125 0.11953125 0.14140625
0 0.3890625 0.58984375 0.14375 0.17890625
3 0.1359375 0.31015625 0.11015625 0.12890625
3 0.93828125 0.21015625 0.115625 0.15546875
0 0.134375 0.1265625 0.1296875 0.146875
0 0.12421875 0.8296875 0.1421875 0.1875
0 0.5453125 0.15625 0.13359375 0.15703125
0 0.77890625 0.88671875 0.12890625 0.14921875
0 0.88203125 0.41328125 0.15078125 0.1734375
0 0.1828125 0.50546875 0.1375 0.1640625
4 0.33046875 0.33828125 0.1078125 0.1390625
2 0.5640625 0.3625 0.109375 0.14375
3 0.93828125 0.7015625 0.10390625 0.12890625
3 0.5578125 0.8609375 0.12421875 0.14140625