3 0.11640625 0.50625 0.1328125 0.1484375
0 0.9109375 0.54453125 0.1546875 0.1796875
1 0.34921875 0.6375 0.1171875 0.1515625
1 0.41484375 0.8796875 0.1265625 0.146875
0 0.26640625 0.31953125 0.1171875 0.1296875
0 0.2359375 0.84140625 0.165625 0.1875
1 0.71796875 0.13671875 0.121875 0.146875
2 0.55859375 0.4734375 0.10625 0.1171875
0 0.48828125 0.2609375 0.1546875 0.184375
0 0.584375 0.86484375 0.1390625 0.1734375
0 0.10078125 0.103125 0.15 0.1625
2 0.44453125 0.071875 0.1015625 0.121875
3 0.73359375 0.559375 0.1109375 0.1390625
4 0.09609375 0.2984375 0.1171875 0.1234375
4 0.7859375 0.31953125 0.1078125 0.128125
2 0.2875 0.11171875 0.125 0.15625
4 0.9125 0.24921875 0.11875 0.13125
2 0.86328125 0.796875 0.1015625 0.128125
4 0.91171875 0.05234375 0.1296875 0.1046875
1 0.58671875 0.66796875 0.1234375 0.1515625