0 0.5703125 0.79609375 0.1359375 0.1859375
0 0.296875 0.37890625 0.115625 0.1546875
0 0.2421875 0.66796875 0.1328125 0.16640625
0 0.77109375 0.20703125 0.11796875 0.18046875
0 0.09375 0.4328125 0.134375 0.15390625
3 0.4265625 0.178125 0.11484375 0.13984375
1 0.646875 0.5765625 0.1296875 0.1390625
1 0.25859375 0.203125 0.10078125 0.12890625
1 0.096875 0.134375 0.09765625 0.128125
1 0.6265625 0.31875 0.1140625 0.13984375
4 0.934375 0.19453125 0.10546875 0.1234375
1 0.1109375 0.859375 0.1140625 0.1484375
4 0.4140625 0.74296875 0.11796875 0.13828125
4 0.0921875 0.659375 0.1265625 0.12421875
3 0.4609375 0.51015625 0.1140625 0.13828125
2 0.8453125 0.63125 0.10078125 0.1203125
4 0.8953125 0.40234375 0.11640625 0.13359375
3 0.73828125 0.84765625 0.1125 0.12265625
1 0.2859375 0.909375 0.1109375 0.14375
0 0.878125 0.8765625 0.1046875 0.14375