0 0.5296875 0.13671875 0.1359375 0.159375
0 0.390625 0.8875 0.1203125 0.1484375
0 0.065625 0.16328125 0.13125 0.1515625
0 0.3390625 0.67421875 0.1484375 0.1859375
3 0.665625 0.378125 0.1296875 0.1390625
4 0.85859375 0.071875 0.1265625 0.14375
3 0.09140625 0.696875 0.125 0.16875
1 0.1265625 0.903125 0.1359375 0.153125
1 0.684375 0.76015625 0.1140625 0.1375
1 0.8359375 0.65703125 0.1359375 0.15625
1 0.80859375 0.29453125 0.11875 0.14375
3 0.47734375 0.34765625 0.1234375 0.15
4 0.51640625 0.609375 0.1140625 0.134375
1 0.66796875 0.55078125 0.125 0.1578125
3 0.2046875 0.11640625 0.1265625 0.140625
3 0.6890625 0.0859375 0.1203125 0.153125
4 0.29609375 0.4421875 0.1109375 0.1375
3 0.521875 0.8609375 0.1140625 0.1453125
2 0.1140625 0.37734375 0.1125 0.128125
4 0.84375 0.84609375 0.140625 0.1734375