1 0.91328125 0.6921875 0.1359375 0.1484375
1 0.48671875 0.7890625 0.125 0.153125
1 0.2359375 0.35 0.146875 0.171875
4 0.58359375 0.290625 0.1390625 0.14375
0 0.86015625 0.91953125 0.1671875 0.1609375
4 0.33984375 0.71328125 0.1359375 0.1578125
0 0.65859375 0.90234375 0.1609375 0.1953125
2 0.325 0.12734375 0.109375 0.11875
4 0.6484375 0.1078125 0.11875 0.121875
4 0.1 0.8234375 0.1328125 0.14375
0 0.4796875 0.1078125 0.153125 0.15625
3 0.8734375 0.275 0.1265625 0.1609375
2 0.5359375 0.6015625 0.115625 0.140625
4 0.7359375 0.45859375 0.1515625 0.1640625
0 0.74453125 0.721875 0.1578125 0.1640625
4 0.37734375 0.5203125 0.1484375 0.1671875
0 0.92421875 0.496875 0.1515625 0.171875
4 0.159375 0.66796875 0.1484375 0.1671875
1 0.40625 0.32109375 0.1234375 0.153125
3 0.18203125 0.06640625 0.1203125 0.1328125