1 0.86640625 0.4078125 0.14375 0.1546875
1 0.29765625 0.49921875 0.13125 0.1375
1 0.06953125 0.82109375 0.1390625 0.1671875
0 0.7015625 0.42890625 0.1515625 0.15
0 0.70390625 0.6078125 0.1796875 0.2109375
0 0.2328125 0.72734375 0.1546875 0.1609375
0 0.3984375 0.69921875 0.1453125 0.178125
2 0.6609375 0.78046875 0.10625 0.1203125
3 0.52734375 0.428125 0.1328125 0.1515625
0 0.1625 0.1328125 0.1546875 0.19375
4 0.3390625 0.090625 0.1296875 0.15
0 0.3734375 0.9109375 0.1625 0.1625
0 0.3578125 0.2921875 0.1828125 0.2140625
0 0.1046875 0.58828125 0.1328125 0.1765625
4 0.93671875 0.21171875 0.1265625 0.1578125
3 0.5328125 0.1359375 0.13125 0.15
4 0.12109375 0.3171875 0.1390625 0.1578125
3 0.79765625 0.94140625 0.1421875 0.1171875
4 0.73671875 0.24765625 0.1515625 0.178125
1 0.89765625 0.63515625 0.1453125 0.1625