1 0.3234375 0.703125 0.115625 0.12421875
0 0.778125 0.77109375 0.13515625 0.13828125
3 0.76328125 0.36171875 0.11171875 0.15234375
1 0.57265625 0.79453125 0.10859375 0.13046875
2 0.33515625 0.51015625 0.09140625 0.0984375
1 0.921875 0.575 0.10546875 0.13046875
0 0.9328125 0.175 0.11484375 0.1734375
0 0.44375 0.2921875 0.1171875 0.16328125
0 0.26015625 0.21640625 0.1359375 0.14765625
0 0.12734375 0.5921875 0.11796875 0.1609375
3 0.46328125 0.11015625 0.1015625 0.13515625
0 0.92734375 0.4015625 0.11640625 0.1578125
0 0.64140625 0.17109375 0.13515625 0.1828125
4 0.10390625 0.9171875 0.11484375 0.13671875
4 0.08828125 0.096875 0.12421875 0.14609375
0 0.16328125 0.39609375 0.11953125 0.16171875
4 0.38125 0.91171875 0.11171875 0.1234375
4 0.73984375 0.5125 0.1125 0.15625
4 0.77578125 0.121875 0.115625 0.14453125
4 0.54375 0.5546875 0.11171875 0.13125