0 0.33671875 0.92890625 0.11015625 0.13125
0 0.32578125 0.44921875 0.1140625 0.1875
0 0.45390625 0.1828125 0.15390625 0.18125
0 0.3140625 0.68671875 0.1234375 0.13828125
0 0.49296875 0.9125 0.1171875 0.16484375
0 0.15 0.85 0.10234375 0.13671875
0 0.74921875 0.109375 0.146875 0.165625
1 0.8875 0.57734375 0.11640625 0.1375
3 0.5703125 0.39765625 0.1125 0.15625
0 0.3140625 0.2328125 0.121875 0.14921875
1 0.1578125 0.59453125 0.1140625 0.14140625
1 0.15078125 0.3625 0.09921875 0.14609375
3 0.940625 0.12421875 0.1140625 0.13515625
3 0.13828125 0.15234375 0.11328125 0.13359375
2 0.71875 0.53359375 0.1109375 0.1296875
4 0.90078125 0.33671875 0.11640625 0.14609375
4 0.55390625 0.58671875 0.1296875 0.13984375
3 0.81640625 0.90390625 0.1109375 0.1359375
3 0.66015625 0.89140625 0.1140625 0.1328125
2 0.728125 0.31171875 0.096875 0.1453125