1 0.390625 0.734375 0.11875 0.13984375
1 0.73359375 0.53984375 0.109375 0.1203125
3 0.69765625 0.14296875 0.115625 0.140625
1 0.8828125 0.4203125 0.11015625 0.13984375
0 0.9375 0.90625 0.125 0.1796875
0 0.13828125 0.684375 0.15 0.18203125
3 0.15 0.11328125 0.11328125 0.14375
1 0.73203125 0.7265625 0.11015625 0.13515625
0 0.3796875 0.3515625 0.14765625 0.19453125
0 0.19140625 0.9046875 0.115625 0.12734375
0 0.7578125 0.8921875 0.12421875 0.13125
3 0.6953125 0.32109375 0.11875 0.12890625
2 0.37109375 0.12890625 0.10078125 0.10078125
0 0.9234375 0.65859375 0.1265625 0.175
0 0.20703125 0.3296875 0.125 0.15859375
4 0.8609375 0.14453125 0.10703125 0.14140625
4 0.5578125 0.57734375 0.1203125 0.13984375
1 0.57109375 0.903125 0.1140625 0.14375
4 0.39453125 0.9140625 0.11953125 0.1375
3 0.534375 0.16796875 0.10859375 0.128125