1 0.375 0.6421875 0.1328125 0.1484375
0 0.5515625 0.5984375 0.134375 0.19375
0 0.49375 0.37109375 0.1625 0.1875
4 0.20234375 0.840625 0.1140625 0.121875
3 0.86640625 0.303125 0.1390625 0.15625
0 0.584375 0.903125 0.1328125 0.190625
2 0.34140625 0.23359375 0.1265625 0.1515625
3 0.16171875 0.190625 0.14375 0.1625
2 0.37265625 0.83359375 0.1109375 0.1421875
4 0.72578125 0.5234375 0.1328125 0.15
3 0.8875 0.58515625 0.1328125 0.16875
1 0.68359375 0.296875 0.1453125 0.16875
2 0.2421875 0.64921875 0.1109375 0.140625
2 0.803125 0.10390625 0.125 0.1421875
4 0.09921875 0.49609375 0.14375 0.1453125
4 0.3234375 0.4375 0.128125 0.15
4 0.7984375 0.83203125 0.1359375 0.146875
1 0.41171875 0.0859375 0.11875 0.1203125
1 0.05859375 0.7765625 0.1171875 0.16875