1 0.3703125 0.9 0.1109375 0.13515625
0 0.5859375 0.9234375 0.12265625 0.153125
2 0.1234375 0.25234375 0.11328125 0.1171875
0 0.11171875 0.64140625 0.1421875 0.1609375
0 0.74375 0.13203125 0.1171875 0.17265625
2 0.921875 0.13828125 0.11328125 0.12265625
2 0.3703125 0.3640625 0.0953125 0.103125
0 0.1765625 0.4203125 0.13046875 0.13203125
0 0.91015625 0.79609375 0.1609375 0.17578125
0 0.52890625 0.71640625 0.12265625 0.13203125
1 0.21875 0.83046875 0.1078125 0.1359375
0 0.94921875 0.328125 0.1015625 0.175
2 0.54765625 0.20703125 0.10703125 0.12890625
2 0.50859375 0.471875 0.0984375 0.13359375
4 0.7078125 0.4375 0.121875 0.1375
4 0.3625 0.10234375 0.10625 0.1359375
3 0.93671875 0.609375 0.11953125 0.13828125
3 0.74609375 0.6734375 0.1171875 0.13359375
3 0.75 0.91015625 0.10625 0.1234375
4 0.375 0.71875 0.12265625 0.14375