0 0.05859375 0.184375 0.1171875 0.18125
0 0.1578125 0.9265625 0.16875 0.146875
0 0.23671875 0.4703125 0.1640625 0.1984375
0 0.3640625 0.4140625 0.14375 0.1984375
0 0.41953125 0.10625 0.1421875 0.1828125
0 0.8015625 0.8890625 0.15625 0.1625
4 0.67890625 0.68046875 0.121875 0.1359375
2 0.33828125 0.71640625 0.103125 0.115625
4 0.35625 0.93515625 0.13125 0.1296875
0 0.50390625 0.8375 0.15 0.1796875
1 0.86171875 0.6875 0.128125 0.15
1 0.515625 0.59296875 0.128125 0.15
4 0.20546875 0.20390625 0.1328125 0.159375
3 0.7359375 0.47890625 0.1328125 0.159375
3 0.95390625 0.8578125 0.0921875 0.15625
3 0.16171875 0.7515625 0.128125 0.14375
1 0.5109375 0.35 0.1484375 0.16875
4 0.93671875 0.48828125 0.1265625 0.1390625
4 0.8859375 0.24453125 0.13125 0.1578125
2 0.64296875 0.11953125 0.121875 0.146875