0 0.09921875 0.53984375 0.14375 0.175
3 0.371875 0.3546875 0.121875 0.15
0 0.5421875 0.63984375 0.115625 0.1625
4 0.89453125 0.7140625 0.11875 0.140625
4 0.7390625 0.14453125 0.11875 0.14375
0 0.72890625 0.61171875 0.140625 0.175
3 0.26953125 0.1328125 0.11875 0.134375
3 0.13671875 0.7671875 0.11875 0.165625
3 0.8328125 0.4109375 0.11875 0.146875
2 0.09375 0.1296875 0.096875 0.10625
3 0.2796875 0.871875 0.1171875 0.14375
4 0.5875 0.18046875 0.1125 0.1359375
2 0.89453125 0.20546875 0.103125 0.1375
1 0.615625 0.8734375 0.1125 0.14375
3 0.371875 0.69609375 0.1140625 0.134375
2 0.42109375 0.13828125 0.1109375 0.146875
2 0.47265625 0.9265625 0.10625 0.128125
4 0.16640625 0.34921875 0.11875 0.134375
2 0.6375 0.371875 0.115625 0.1359375
2 0.86640625 0.91875 0.1140625 0.1328125