0 0.68046875 0.91015625 0.11015625 0.16171875
0 0.2765625 0.12890625 0.12421875 0.12890625
4 0.9171875 0.86484375 0.12734375 0.146875
0 0.28828125 0.4859375 0.134375 0.171875
0 0.1203125 0.51640625 0.14375 0.16484375
0 0.9 0.67421875 0.15625 0.16484375
0 0.1234375 0.90390625 0.134375 0.14921875
1 0.42890625 0.178125 0.1078125 0.1328125
4 0.87734375 0.19609375 0.10625 0.128125
4 0.26484375 0.72890625 0.11484375 0.12265625
4 0.6875 0.1921875 0.1125 0.14453125
4 0.1125 0.19921875 0.11640625 0.12890625
4 0.928125 0.403125 0.12578125 0.1375
2 0.09921875 0.7 0.11953125 0.13515625
4 0.29140625 0.89609375 0.11640625 0.12890625
1 0.73046875 0.665625 0.0984375 0.13125
3 0.46171875 0.3984375 0.12734375 0.14296875
3 0.4609375 0.903125 0.1109375 0.1234375
4 0.5703125 0.67734375 0.1296875 0.15390625
2 0.70390625 0.47265625 0.103125 0.13359375