1 0.67421875 0.33828125 0.11015625 0.13125
2 0.7265625 0.6203125 0.1 0.12578125
0 0.459375 0.14140625 0.14296875 0.18125
0 0.703125 0.86171875 0.14140625 0.190625
1 0.44296875 0.65859375 0.10390625 0.1328125
0 0.91328125 0.83203125 0.10625 0.146875
0 0.9109375 0.1671875 0.14140625 0.1859375
0 0.209375 0.6984375 0.1046875 0.1625
0 0.1015625 0.896875 0.1171875 0.1765625
2 0.33359375 0.3328125 0.12109375 0.15078125
2 0.90625 0.6375 0.0890625 0.11953125
2 0.2546875 0.5140625 0.10703125 0.14296875
4 0.765625 0.125 0.12890625 0.1609375
4 0.8296875 0.396875 0.1078125 0.134375
2 0.28984375 0.9015625 0.11328125 0.1609375
1 0.18125 0.1515625 0.1109375 0.1453125
4 0.5078125 0.440625 0.1328125 0.13046875
2 0.60390625 0.1296875 0.0890625 0.11484375
4 0.1046875 0.50703125 0.09921875 0.13671875
3 0.50078125 0.8171875 0.1125 0.11328125