1 0.1078125 0.3703125 0.1296875 0.1515625
1 0.55859375 0.928125 0.14375 0.140625
4 0.946875 0.83515625 0.10625 0.1546875
2 0.8390625 0.1546875 0.109375 0.1265625
0 0.715625 0.6875 0.13125 0.1671875
0 0.85546875 0.3328125 0.1640625 0.190625
0 0.05546875 0.1984375 0.1109375 0.16875
0 0.33828125 0.5859375 0.134375 0.1390625
4 0.8796875 0.6234375 0.1140625 0.1328125
0 0.31328125 0.42109375 0.1265625 0.1625
0 0.66171875 0.48671875 0.125 0.175
2 0.70234375 0.1890625 0.103125 0.1234375
0 0.79140625 0.86640625 0.1515625 0.1796875
3 0.27578125 0.2359375 0.11875 0.146875
0 0.51484375 0.15625 0.1671875 0.2140625
4 0.14296875 0.65859375 0.121875 0.1484375
4 0.51875 0.50390625 0.1390625 0.171875
4 0.54453125 0.7421875 0.1390625 0.1640625
4 0.12578125 0.8484375 0.140625 0.1765625
4 0.32890625 0.82109375 0.140625 0.1671875