0 0.06328125 0.35703125 0.1265625 0.1796875
0 0.16953125 0.12890625 0.1515625 0.1859375
0 0.40703125 0.49140625 0.109375 0.153125
2 0.68828125 0.4578125 0.090625 0.134375
3 0.64453125 0.07265625 0.1265625 0.1390625
4 0.890625 0.65546875 0.1203125 0.1375
1 0.06953125 0.5734375 0.11875 0.1578125
1 0.75625 0.68515625 0.10625 0.14375
1 0.0828125 0.79296875 0.11875 0.1484375
2 0.25625 0.49375 0.121875 0.140625
3 0.846875 0.09296875 0.128125 0.1640625
3 0.5453125 0.46640625 0.125 0.1453125
1 0.665625 0.85078125 0.103125 0.128125
1 0.40703125 0.19453125 0.1203125 0.159375
1 0.9046875 0.43125 0.134375 0.1578125
3 0.271875 0.784375 0.1125 0.125
2 0.5875 0.678125 0.109375 0.121875
3 0.84609375 0.875 0.128125 0.1578125
4 0.67109375 0.25859375 0.1171875 0.1359375
2 0.4578125 0.8421875 0.121875 0.1328125