0 0.90625 0.13125 0.12421875 0.14609375
1 0.34375 0.196875 0.11328125 0.125
3 0.32265625 0.87578125 0.11015625 0.15
3 0.49765625 0.38828125 0.11484375 0.1453125
0 0.5609375 0.61640625 0.13125 0.125
0 0.12421875 0.184375 0.13125 0.15234375
0 0.8734375 0.9125 0.13515625 0.1703125
0 0.6578125 0.371875 0.11484375 0.1546875
3 0.08125 0.45546875 0.12265625 0.14375
0 0.81328125 0.52265625 0.11015625 0.1671875
0 0.5125 0.146875 0.109375 0.1484375
0 0.1546875 0.70390625 0.12890625 0.171875
0 0.33984375 0.4078125 0.1359375 0.1703125
0 0.83046875 0.73359375 0.11953125 0.15703125
2 0.8109375 0.34375 0.109375 0.1375
3 0.3015625 0.596875 0.121875 0.13984375
3 0.10078125 0.91796875 0.109375 0.1359375
4 0.6875 0.1328125 0.11171875 0.1375
2 0.67421875 0.85 0.1 0.14296875
4 0.5109375 0.87421875 0.125 0.1609375