0 0.3390625 0.1921875 0.1296875 0.1578125
0 0.66640625 0.85078125 0.159375 0.1765625
4 0.9046875 0.28671875 0.121875 0.1390625
4 0.80234375 0.75625 0.128125 0.1390625
4 0.8796875 0.09765625 0.1265625 0.1453125
4 0.259375 0.67109375 0.140625 0.153125
2 0.39609375 0.45234375 0.1359375 0.15625
4 0.95546875 0.75078125 0.0890625 0.1515625
4 0.69375 0.5390625 0.146875 0.1625
3 0.23671875 0.46328125 0.1140625 0.1515625
3 0.53671875 0.67109375 0.1328125 0.1578125
2 0.509375 0.2765625 0.1265625 0.1546875
2 0.54375 0.10234375 0.125 0.1359375
2 0.0796875 0.48046875 0.1171875 0.14375
3 0.7265625 0.18828125 0.1203125 0.1484375
3 0.0546875 0.24140625 0.109375 0.1359375
1 0.340625 0.834375 0.125 0.1640625
2 0.19921875 0.88984375 0.121875 0.1453125
3 0.8765625 0.55234375 0.1265625 0.15
4 0.49765625 0.88359375 0.146875 0.184375