0 0.89296875 0.1859375 0.1296875 0.1828125
0 0.6421875 0.5515625 0.121875 0.171875
0 0.078125 0.12890625 0.134375 0.184375
0 0.2578125 0.1359375 0.1578125 0.1734375
0 0.09921875 0.7015625 0.128125 0.134375
3 0.33671875 0.38046875 0.128125 0.1546875
3 0.81171875 0.615625 0.1328125 0.146875
4 0.06484375 0.5125 0.128125 0.1390625
2 0.55078125 0.1578125 0.1140625 0.1234375
2 0.8265625 0.9125 0.109375 0.1140625
3 0.49140625 0.36953125 0.109375 0.1375
2 0.3953125 0.77265625 0.11875 0.1265625
3 0.18203125 0.9359375 0.1171875 0.128125
4 0.63828125 0.8234375 0.115625 0.13125
0 0.6609375 0.3484375 0.1390625 0.1671875
3 0.44296875 0.57578125 0.1234375 0.153125
4 0.7078125 0.13359375 0.11875 0.1375
1 0.2546875 0.553125 0.1078125 0.1328125
0 0.19921875 0.31875 0.1125 0.134375
1 0.8265625 0.390625 0.125 0.128125