0 0.15234375 0.484375 0.14453125 0.1703125
0 0.77265625 0.43515625 0.13671875 0.1921875
0 0.30390625 0.740625 0.1328125 0.165625
0 0.4484375 0.521875 0.12890625 0.196875
0 0.78984375 0.14921875 0.12421875 0.13984375
0 0.66796875 0.78125 0.1375 0.16171875
0 0.16640625 0.90625 0.14609375 0.18515625
1 0.5890625 0.125 0.11484375 0.140625
4 0.92578125 0.346875 0.1109375 0.128125
3 0.1203125 0.6578125 0.1015625 0.14375
4 0.6046875 0.3921875 0.11484375 0.13125
4 0.93828125 0.659375 0.10859375 0.1265625
3 0.13515625 0.278125 0.11796875 0.16328125
3 0.88671875 0.88125 0.11796875 0.1453125
4 0.4875 0.81328125 0.12265625 0.1359375
3 0.59453125 0.58203125 0.11328125 0.1359375
1 0.93359375 0.14140625 0.0984375 0.1359375
2 0.30390625 0.11328125 0.11484375 0.128125
2 0.4515625 0.32734375 0.11328125 0.1296875
3 0.30625 0.546875 0.12421875 0.14296875