1 0.1078125 0.23046875 0.1453125 0.1640625
1 0.8921875 0.37890625 0.1546875 0.171875
1 0.228125 0.384375 0.146875 0.1578125
1 0.234375 0.76484375 0.15 0.159375
0 0.11484375 0.52890625 0.165625 0.2140625
0 0.59609375 0.8921875 0.165625 0.1765625
3 0.7265625 0.18984375 0.1359375 0.159375
4 0.2671875 0.934375 0.1375 0.13125
1 0.8765625 0.58828125 0.1625 0.1984375
3 0.3515625 0.675 0.1328125 0.15625
3 0.37265625 0.26484375 0.128125 0.1421875
4 0.95546875 0.79765625 0.0890625 0.1640625
3 0.4359375 0.934375 0.13125 0.13125
2 0.428125 0.47109375 0.1421875 0.1640625
3 0.7203125 0.665625 0.1515625 0.1546875
1 0.5140625 0.71015625 0.134375 0.1578125
3 0.80234375 0.81015625 0.1375 0.1625
3 0.840625 0.0703125 0.14375 0.140625
4 0.56796875 0.15859375 0.1265625 0.1484375
4 0.571875 0.375 0.1578125 0.16875