0 0.1953125 0.153125 0.1796875 0.1890625
0 0.8234375 0.821875 0.1609375 0.1953125
2 0.4015625 0.096875 0.125 0.1421875
0 0.07578125 0.29609375 0.1515625 0.1734375
2 0.7734375 0.05625 0.13125 0.1125
0 0.0953125 0.73515625 0.153125 0.2
3 0.15 0.92265625 0.1375 0.1546875
0 0.4890625 0.8859375 0.125 0.15625
0 0.29921875 0.784375 0.1515625 0.1875
0 0.2703125 0.53828125 0.1578125 0.1765625
3 0.58359375 0.10546875 0.128125 0.1375
0 0.4578125 0.50703125 0.1515625 0.1796875
4 0.621875 0.565625 0.128125 0.1453125
0 0.78125 0.3734375 0.15 0.2140625
0 0.64140625 0.75546875 0.1484375 0.1984375
4 0.425 0.29296875 0.1234375 0.13125
2 0.0859375 0.47890625 0.1296875 0.159375
2 0.60546875 0.3140625 0.1265625 0.1625
4 0.93359375 0.5671875 0.1328125 0.16875
4 0.434375 0.6984375 0.13125 0.146875