1 0.61640625 0.1578125 0.10859375 0.153125
3 0.70703125 0.8015625 0.1125 0.15703125
1 0.55234375 0.925 0.1078125 0.13984375
0 0.25859375 0.1234375 0.12421875 0.1515625
0 0.1125 0.159375 0.1421875 0.153125
3 0.82421875 0.46953125 0.10703125 0.14609375
0 0.1265625 0.4125 0.11875 0.1515625
2 0.25703125 0.6796875 0.09921875 0.1140625
4 0.28046875 0.9328125 0.11328125 0.134375
0 0.4171875 0.66875 0.1140625 0.184375
0 0.11328125 0.9015625 0.13359375 0.18203125
0 0.459375 0.11796875 0.12578125 0.15703125
0 0.8796875 0.73359375 0.109375 0.171875
4 0.0828125 0.665625 0.11875 0.15
3 0.70390625 0.546875 0.11171875 0.1484375
4 0.3078125 0.33203125 0.11171875 0.15390625
4 0.9265625 0.1046875 0.11484375 0.13359375
4 0.915625 0.2796875 0.109375 0.1328125
4 0.7578125 0.24453125 0.10859375 0.13125
1 0.53515625 0.42890625 0.11640625 0.1546875