0 0.57421875 0.3546875 0.1734375 0.19375
3 0.74453125 0.7875 0.1234375 0.14375
1 0.8390625 0.5046875 0.1234375 0.1546875
0 0.93046875 0.8375 0.1390625 0.2
2 0.0921875 0.70859375 0.134375 0.1421875
0 0.5078125 0.090625 0.13125 0.18125
2 0.19765625 0.2421875 0.1234375 0.1296875
0 0.1125 0.95 0.13125 0.1
3 0.62578125 0.89921875 0.125 0.1421875
0 0.25703125 0.84921875 0.171875 0.2125
2 0.69921875 0.23671875 0.1171875 0.1359375
1 0.278125 0.596875 0.128125 0.1546875
3 0.434375 0.8640625 0.1296875 0.1671875
0 0.4109375 0.4890625 0.1328125 0.16875
4 0.0875 0.47109375 0.1359375 0.1453125
3 0.8625 0.26875 0.1328125 0.146875
0 0.04921875 0.26875 0.0984375 0.171875
3 0.64453125 0.58984375 0.128125 0.1359375
4 0.3578125 0.19765625 0.1140625 0.128125
4 0.46171875 0.6796875 0.1375 0.1453125