0 0.63046875 0.225 0.171875 0.209375
0 0.27578125 0.5765625 0.1453125 0.175
0 0.2828125 0.28203125 0.1640625 0.190625
0 0.70390625 0.84296875 0.153125 0.2015625
0 0.08828125 0.48125 0.1640625 0.178125
3 0.3609375 0.79921875 0.1421875 0.1609375
1 0.659375 0.45546875 0.15625 0.1625
1 0.20234375 0.73984375 0.125 0.146875
1 0.0453125 0.77265625 0.090625 0.1453125
1 0.5859375 0.70390625 0.140625 0.1609375
4 0.86171875 0.8890625 0.128125 0.1421875
1 0.19453125 0.07578125 0.1421875 0.1515625
4 0.46640625 0.24453125 0.14375 0.159375
4 0.134375 0.259375 0.15 0.1484375
3 0.4640625 0.48203125 0.140625 0.159375
2 0.86484375 0.44375 0.1234375 0.1390625
4 0.86640625 0.67734375 0.1421875 0.1546875
3 0.80546875 0.209375 0.1359375 0.14375
1 0.37578125 0.06796875 0.1390625 0.1359375
0 0.940625 0.209375 0.11875 0.1625