0 0.49140625 0.4078125 0.159375 0.203125
0 0.6078125 0.89609375 0.165625 0.1765625
0 0.12265625 0.7546875 0.165625 0.1859375
0 0.9375 0.62265625 0.125 0.1984375
1 0.28359375 0.66171875 0.159375 0.16875
1 0.88125 0.39296875 0.15 0.1765625
3 0.75234375 0.05078125 0.1515625 0.1015625
3 0.190625 0.95703125 0.153125 0.0859375
3 0.4328125 0.8796875 0.1453125 0.1609375
1 0.796875 0.22265625 0.165625 0.1796875
1 0.6703125 0.50859375 0.146875 0.1640625
1 0.94296875 0.815625 0.1140625 0.159375
1 0.0640625 0.51484375 0.128125 0.1734375
4 0.6171875 0.2140625 0.1609375 0.1734375
3 0.046875 0.3203125 0.09375 0.165625
2 0.459375 0.66796875 0.1171875 0.125
1 0.4015625 0.20859375 0.1578125 0.1734375
2 0.16484375 0.24765625 0.1453125 0.16875
1 0.34609375 0.48515625 0.134375 0.15
2 0.79296875 0.7265625 0.1265625 0.1421875