1 0.09375 0.7890625 0.1109375 0.13515625
1 0.1125 0.33828125 0.11015625 0.14453125
4 0.10703125 0.565625 0.11015625 0.1390625
3 0.721875 0.615625 0.115625 0.1453125
3 0.471875 0.1296875 0.1140625 0.1453125
0 0.8625 0.31015625 0.14765625 0.184375
0 0.46953125 0.3390625 0.14453125 0.15625
3 0.87890625 0.5109375 0.1078125 0.15234375
3 0.28046875 0.55546875 0.1078125 0.14296875
1 0.1234375 0.13828125 0.11171875 0.14609375
4 0.259375 0.10390625 0.11796875 0.1375
4 0.9265625 0.69921875 0.1171875 0.1375
4 0.27578125 0.33984375 0.121875 0.153125
4 0.66640625 0.846875 0.1265625 0.16171875
4 0.40390625 0.8953125 0.125 0.1625
0 0.84296875 0.93203125 0.15234375 0.1359375
4 0.26640625 0.89453125 0.1109375 0.1421875
4 0.46484375 0.65859375 0.11796875 0.13203125
3 0.6546875 0.42265625 0.12578125 0.128125
4 0.71484375 0.18359375 0.12578125 0.13203125