0 0.51796875 0.446875 0.153125 0.1640625
0 0.74453125 0.47578125 0.153125 0.178125
0 0.51328125 0.6640625 0.1421875 0.175
1 0.784375 0.76640625 0.1265625 0.15625
1 0.9390625 0.7515625 0.121875 0.15625
3 0.159375 0.9015625 0.125 0.153125
4 0.771875 0.04375 0.134375 0.0875
4 0.3015625 0.134375 0.1328125 0.1546875
2 0.58671875 0.06484375 0.1296875 0.1296875
1 0.33203125 0.35234375 0.140625 0.1546875
3 0.93515625 0.559375 0.1125 0.15
2 0.48515625 0.25546875 0.1390625 0.1734375
2 0.33046875 0.6640625 0.1140625 0.128125
2 0.05390625 0.2765625 0.1078125 0.14375
0 0.8609375 0.22578125 0.1640625 0.1828125
3 0.6953125 0.29765625 0.1265625 0.1578125
2 0.12578125 0.6796875 0.128125 0.1421875
2 0.34921875 0.85625 0.1328125 0.153125
2 0.1296875 0.5203125 0.1203125 0.1375
4 0.61015625 0.87734375 0.125 0.1359375