0 0.8859375 0.40859375 0.121875 0.159375
0 0.90390625 0.14921875 0.109375 0.175
0 0.215625 0.7828125 0.1484375 0.178125
0 0.73125 0.4453125 0.1265625 0.15
0 0.48984375 0.8796875 0.15 0.16875
0 0.90703125 0.60078125 0.1296875 0.1296875
1 0.4046875 0.58671875 0.109375 0.125
0 0.67265625 0.24921875 0.134375 0.175
3 0.24296875 0.15 0.13125 0.16875
4 0.5328125 0.5484375 0.115625 0.1328125
2 0.33984375 0.80625 0.103125 0.146875
2 0.07109375 0.475 0.1078125 0.125
3 0.68125 0.82578125 0.1171875 0.14375
2 0.7140625 0.62734375 0.1171875 0.125
1 0.2171875 0.61171875 0.121875 0.15
4 0.465625 0.140625 0.1171875 0.14375
2 0.88671875 0.83515625 0.103125 0.1265625
4 0.10234375 0.10546875 0.10625 0.128125
2 0.28828125 0.33828125 0.11875 0.153125
2 0.47890625 0.32109375 0.096875 0.140625