0 0.334375 0.66328125 0.13828125 0.1875
0 0.084375 0.4828125 0.15078125 0.16875
0 0.3109375 0.20625 0.10859375 0.1734375
0 0.2796875 0.5015625 0.10078125 0.15546875
0 0.33359375 0.853125 0.109375 0.1359375
0 0.6375 0.34375 0.121875 0.1421875
0 0.4671875 0.26328125 0.13984375 0.17890625
1 0.50703125 0.6734375 0.10625 0.13125
4 0.909375 0.80703125 0.11015625 0.1265625
1 0.92734375 0.52578125 0.11328125 0.13125
3 0.140625 0.3078125 0.12578125 0.15
2 0.68046875 0.528125 0.115625 0.12109375
3 0.9109375 0.34375 0.09921875 0.1203125
2 0.175 0.91015625 0.10859375 0.1296875
3 0.11171875 0.67890625 0.12109375 0.1390625
4 0.7375 0.14921875 0.11015625 0.1328125
3 0.8984375 0.1265625 0.115625 0.1359375
4 0.52578125 0.909375 0.1046875 0.1265625
2 0.4578125 0.46015625 0.11875 0.13984375
2 0.6609375 0.81015625 0.1125 0.1640625