0 0.403125 0.578125 0.10703125 0.17109375
0 0.3609375 0.77734375 0.11796875 0.17578125
0 0.95 0.203125 0.1 0.171875
0 0.0890625 0.10078125 0.14453125 0.1734375
1 0.8171875 0.5703125 0.1015625 0.1203125
3 0.7703125 0.14921875 0.1109375 0.153125
3 0.83125 0.36953125 0.11484375 0.14375
2 0.55234375 0.59375 0.08515625 0.10390625
1 0.70625 0.8296875 0.11484375 0.13828125
1 0.43671875 0.12421875 0.1140625 0.140625
3 0.50234375 0.33984375 0.1296875 0.1515625
1 0.53359375 0.9015625 0.1265625 0.15078125
2 0.33828125 0.3359375 0.10234375 0.12109375
3 0.13046875 0.82109375 0.11796875 0.14609375
1 0.66328125 0.4234375 0.115625 0.13671875
1 0.11484375 0.584375 0.13203125 0.14609375
2 0.2703125 0.1421875 0.11171875 0.12734375
2 0.58203125 0.12109375 0.11875 0.12734375
2 0.915625 0.85703125 0.11640625 0.134375
1 0.1390625 0.36015625 0.121875 0.1453125