1 0.68984375 0.0859375 0.115625 0.13125
0 0.3140625 0.58671875 0.115625 0.153125
0 0.0734375 0.18828125 0.1171875 0.159375
3 0.25703125 0.7671875 0.109375 0.1375
0 0.89375 0.54453125 0.115625 0.165625
0 0.0828125 0.584375 0.1140625 0.153125
3 0.9015625 0.0984375 0.1125 0.13125
0 0.6015625 0.8734375 0.14375 0.1625
3 0.06171875 0.7765625 0.115625 0.1546875
4 0.409375 0.8015625 0.103125 0.13125
0 0.64765625 0.27109375 0.1125 0.140625
1 0.2828125 0.36015625 0.103125 0.14375
0 0.5546875 0.54296875 0.1125 0.175
0 0.88515625 0.37890625 0.115625 0.1265625
0 0.38046875 0.0921875 0.146875 0.175
2 0.7453125 0.54765625 0.1125 0.16875
0 0.134375 0.39609375 0.1484375 0.175
0 0.803125 0.73828125 0.1515625 0.165625
1 0.2140625 0.08984375 0.11875 0.13125
4 0.48515625 0.34375 0.115625 0.1359375