0 0.89453125 0.43203125 0.1375 0.15625
0 0.3796875 0.6890625 0.128125 0.1484375
0 0.459375 0.46328125 0.1421875 0.1859375
0 0.38203125 0.2296875 0.134375 0.178125
3 0.84375 0.62578125 0.128125 0.153125
4 0.753125 0.4109375 0.128125 0.1578125
3 0.25 0.5203125 0.1328125 0.1625
4 0.10859375 0.0765625 0.1328125 0.1453125
4 0.759375 0.13125 0.121875 0.1375
2 0.88359375 0.1921875 0.1078125 0.125
3 0.21171875 0.73203125 0.125 0.1578125
1 0.58828125 0.3015625 0.1234375 0.15625
4 0.71171875 0.89375 0.1140625 0.1375
4 0.0703125 0.73984375 0.121875 0.153125
1 0.22734375 0.246875 0.1171875 0.146875
2 0.60078125 0.5875 0.1328125 0.1609375
1 0.88359375 0.84609375 0.1234375 0.15625
2 0.06796875 0.51875 0.125 0.146875
2 0.51171875 0.828125 0.1203125 0.146875
1 0.56171875 0.090625 0.1359375 0.15