0 0.10703125 0.25546875 0.15 0.16875
0 0.11953125 0.4625 0.1390625 0.19609375
0 0.78828125 0.10859375 0.14140625 0.18359375
0 0.54375 0.7296875 0.134375 0.14921875
0 0.57109375 0.5421875 0.13828125 0.1734375
0 0.11875 0.734375 0.125 0.1265625
0 0.290625 0.3390625 0.11875 0.15078125
0 0.3015625 0.54609375 0.1421875 0.18671875
0 0.61484375 0.165625 0.1375 0.1859375
1 0.8015625 0.32734375 0.12578125 0.1375
2 0.75390625 0.55078125 0.09375 0.1296875
1 0.77734375 0.72421875 0.096875 0.13984375
3 0.15234375 0.909375 0.12421875 0.14453125
2 0.42734375 0.09453125 0.1046875 0.1234375
1 0.853125 0.925 0.11015625 0.140625
0 0.3796875 0.75703125 0.11796875 0.17109375
3 0.29140625 0.11015625 0.11953125 0.14296875
3 0.915625 0.54609375 0.13359375 0.15859375
3 0.63828125 0.91796875 0.11015625 0.121875
2 0.4484375 0.36953125 0.11015625 0.13203125