0 0.07734375 0.91640625 0.1265625 0.1671875
0 0.4890625 0.3984375 0.1203125 0.1734375
0 0.85546875 0.59453125 0.1390625 0.1890625
0 0.0953125 0.38671875 0.1515625 0.1640625
4 0.0671875 0.72578125 0.1171875 0.1375
0 0.334375 0.509375 0.125 0.140625
3 0.7375 0.24609375 0.11875 0.15
1 0.88359375 0.13203125 0.10625 0.1375
3 0.09765625 0.19140625 0.13125 0.1375
1 0.53125 0.6625 0.11875 0.14375
4 0.7140625 0.4453125 0.1171875 0.1328125
2 0.55859375 0.14765625 0.1140625 0.13125
3 0.39140625 0.9015625 0.1171875 0.1578125
2 0.23046875 0.91015625 0.103125 0.10625
4 0.82265625 0.8265625 0.1265625 0.15625
2 0.21328125 0.71953125 0.096875 0.1125
0 0.271875 0.31875 0.121875 0.1375
4 0.8703125 0.33046875 0.1203125 0.14375
3 0.28515625 0.12890625 0.115625 0.1375
2 0.6375 0.8765625 0.1109375 0.1140625