0 0.90234375 0.61640625 0.1421875 0.1703125
0 0.85 0.071875 0.140625 0.14375
1 0.09453125 0.3953125 0.1203125 0.146875
0 0.19609375 0.64921875 0.1328125 0.1625
4 0.18828125 0.14765625 0.1109375 0.1234375
1 0.27421875 0.84140625 0.11875 0.159375
3 0.75546875 0.78515625 0.115625 0.1421875
3 0.109375 0.8359375 0.1296875 0.146875
2 0.33515625 0.61640625 0.1046875 0.1171875
1 0.9171875 0.8015625 0.1140625 0.1328125
0 0.365625 0.11171875 0.1296875 0.1734375
3 0.5984375 0.20390625 0.125 0.140625
3 0.70703125 0.5515625 0.1296875 0.1390625
4 0.56484375 0.39765625 0.0984375 0.1203125
2 0.9109375 0.40078125 0.10625 0.1171875
4 0.43671875 0.89921875 0.1203125 0.1375
2 0.37265625 0.39765625 0.1109375 0.1328125
4 0.4953125 0.6859375 0.115625 0.1390625
2 0.603125 0.8734375 0.125 0.1578125
4 0.7671875 0.2703125 0.11875 0.140625