0 0.53671875 0.5515625 0.14375 0.1625
1 0.078125 0.725 0.128125 0.1359375
0 0.90390625 0.51875 0.1703125 0.2
1 0.74609375 0.7109375 0.1375 0.165625
0 0.14375 0.56171875 0.1453125 0.2046875
2 0.41796875 0.35390625 0.146875 0.1484375
3 0.196875 0.7796875 0.1375 0.165625
4 0.6234375 0.31484375 0.140625 0.1640625
3 0.61875 0.92734375 0.1375 0.1453125
2 0.12890625 0.0765625 0.1390625 0.153125
4 0.365625 0.903125 0.1328125 0.153125
0 0.82109375 0.9328125 0.1546875 0.134375
3 0.2015625 0.38203125 0.1265625 0.1390625
4 0.86796875 0.26484375 0.1375 0.1609375
2 0.4328125 0.121875 0.15 0.165625
1 0.74140625 0.50234375 0.1234375 0.1375
2 0.60078125 0.13515625 0.1328125 0.1546875
4 0.2984375 0.13203125 0.1375 0.1734375
1 0.35703125 0.52265625 0.1359375 0.1421875
1 0.5546875 0.74609375 0.134375 0.1515625