0 0.74140625 0.37265625 0.1453125 0.159375
0 0.85859375 0.6640625 0.14375 0.1625
0 0.55390625 0.3734375 0.128125 0.184375
0 0.409375 0.1234375 0.15 0.1796875
4 0.23828125 0.82734375 0.13125 0.140625
2 0.1359375 0.0484375 0.10625 0.096875
1 0.09140625 0.5265625 0.1421875 0.165625
4 0.4203125 0.76640625 0.1359375 0.165625
2 0.10234375 0.78203125 0.1140625 0.1359375
1 0.903125 0.48671875 0.109375 0.125
3 0.6609375 0.5703125 0.1328125 0.1703125
1 0.65390625 0.759375 0.1375 0.15625
0 0.80390625 0.1796875 0.1515625 0.175
1 0.27265625 0.34375 0.1359375 0.1546875
3 0.90703125 0.8515625 0.128125 0.159375
3 0.13359375 0.26015625 0.125 0.1453125
3 0.25859375 0.55625 0.1296875 0.140625
4 0.95078125 0.18828125 0.0984375 0.1734375
3 0.57109375 0.10625 0.14375 0.153125
1 0.3859375 0.421875 0.1140625 0.1484375