0 0.3578125 0.61953125 0.12734375 0.1796875
1 0.30859375 0.83203125 0.1125 0.14921875
4 0.08828125 0.61484375 0.11796875 0.13515625
4 0.6703125 0.890625 0.11796875 0.14140625
3 0.17890625 0.1265625 0.10390625 0.12578125
4 0.90859375 0.409375 0.1265625 0.1484375
0 0.18515625 0.34375 0.12421875 0.17265625
1 0.84296875 0.11953125 0.11640625 0.1453125
4 0.70546875 0.665625 0.0921875 0.1140625
3 0.74296875 0.3046875 0.11953125 0.14296875
1 0.60625 0.0890625 0.1078125 0.125
4 0.7203125 0.49375 0.10859375 0.12890625
4 0.1171875 0.83828125 0.11953125 0.146875
1 0.52890625 0.60703125 0.09921875 0.14453125
2 0.8796875 0.93125 0.09921875 0.1375
2 0.378125 0.13984375 0.1078125 0.13671875
3 0.55859375 0.27734375 0.11015625 0.134375
1 0.9421875 0.72890625 0.115625 0.14140625
4 0.37265625 0.39140625 0.11640625 0.134375
4 0.46796875 0.92265625 0.1265625 0.13671875