1 0.646875 0.63359375 0.1296875 0.1453125
1 0.30078125 0.2453125 0.1390625 0.16875
1 0.1609375 0.928125 0.1375 0.14375
2 0.646875 0.2640625 0.1234375 0.134375
0 0.35859375 0.85625 0.175 0.2
2 0.73984375 0.42890625 0.121875 0.134375
0 0.55078125 0.44765625 0.146875 0.16875
0 0.4828125 0.2421875 0.1703125 0.1890625
3 0.15078125 0.19375 0.1390625 0.159375
3 0.496875 0.71875 0.1234375 0.1359375
3 0.9453125 0.8515625 0.109375 0.15625
0 0.2125 0.44140625 0.1375 0.184375
2 0.79140625 0.83125 0.1203125 0.14375
0 0.8546875 0.60078125 0.1390625 0.1734375
4 0.89453125 0.28515625 0.13125 0.1515625
4 0.07578125 0.4765625 0.146875 0.171875
4 0.22265625 0.66640625 0.153125 0.171875
1 0.40234375 0.55 0.1609375 0.1671875
4 0.5515625 0.928125 0.14375 0.14375
2 0.78984375 0.09453125 0.134375 0.175