0 0.521875 0.665625 0.1171875 0.1625
0 0.63046875 0.16171875 0.1265625 0.178125
0 0.8890625 0.66328125 0.1328125 0.14375
0 0.88515625 0.90390625 0.140625 0.16875
4 0.6078125 0.39375 0.1375 0.14375
1 0.21328125 0.3609375 0.121875 0.146875
1 0.2046875 0.5890625 0.1421875 0.1625
3 0.359375 0.34765625 0.121875 0.153125
1 0.89296875 0.45 0.1234375 0.1421875
1 0.171875 0.059375 0.134375 0.11875
1 0.07109375 0.81484375 0.1140625 0.1359375
2 0.34609375 0.58046875 0.1140625 0.128125
3 0.446875 0.17578125 0.1296875 0.1578125
3 0.390625 0.8578125 0.1390625 0.153125
4 0.6671875 0.8234375 0.1328125 0.1484375
1 0.31640625 0.07734375 0.1078125 0.134375
1 0.2328125 0.80234375 0.1296875 0.1515625
2 0.79140625 0.12890625 0.1234375 0.1453125
1 0.7 0.58984375 0.1296875 0.1640625
2 0.95234375 0.1984375 0.0953125 0.140625