1 0.6515625 0.6984375 0.10625 0.140625
1 0.746875 0.3671875 0.1140625 0.140625
1 0.25625 0.7984375 0.125 0.1375
2 0.49453125 0.77265625 0.10625 0.13828125
0 0.68828125 0.9140625 0.14921875 0.1671875
3 0.365625 0.54296875 0.10703125 0.1421875
2 0.48984375 0.14921875 0.11015625 0.13125
2 0.52890625 0.5234375 0.0953125 0.121875
2 0.9015625 0.54140625 0.1078125 0.1203125
2 0.10546875 0.10390625 0.09140625 0.09921875
3 0.1015625 0.84296875 0.1078125 0.13515625
0 0.91015625 0.334375 0.11328125 0.1578125
3 0.29453125 0.21484375 0.10703125 0.13203125
3 0.121875 0.29609375 0.1015625 0.16015625
4 0.16953125 0.52265625 0.1125 0.14609375
0 0.903125 0.921875 0.1390625 0.15390625
4 0.57890625 0.3234375 0.10234375 0.11640625
3 0.83984375 0.696875 0.1109375 0.10859375
4 0.653125 0.128125 0.11875 0.1484375
4 0.84140625 0.11640625 0.12890625 0.1671875