1 0.88125 0.40625 0.1125 0.14765625
0 0.45 0.853125 0.13046875 0.15859375
0 0.61875 0.92578125 0.12890625 0.13203125
0 0.7390625 0.29765625 0.13828125 0.16328125
2 0.5109375 0.16328125 0.11796875 0.13203125
1 0.9296875 0.1828125 0.12109375 0.140625
3 0.6046875 0.453125 0.11171875 0.1359375
0 0.25234375 0.93359375 0.1171875 0.1265625
2 0.93828125 0.90546875 0.11015625 0.146875
1 0.29921875 0.48515625 0.1125 0.13203125
4 0.15078125 0.68515625 0.1046875 0.11484375
4 0.09765625 0.38515625 0.11953125 0.140625
4 0.3140625 0.74609375 0.1125 0.1359375
0 0.79140625 0.89921875 0.1046875 0.15546875
1 0.55546875 0.66953125 0.1265625 0.14921875
3 0.10546875 0.89296875 0.12109375 0.1296875
2 0.3625 0.190625 0.09375 0.125
4 0.46875 0.48203125 0.121875 0.13671875
4 0.784375 0.690625 0.11171875 0.14140625
3 0.13984375 0.19375 0.11328125 0.14765625