2 0.634375 0.84140625 0.1234375 0.13125
1 0.10078125 0.62421875 0.1375 0.146875
0 0.58125 0.21015625 0.15625 0.18125
3 0.79375 0.23125 0.1359375 0.1640625
0 0.3140625 0.73515625 0.1484375 0.153125
3 0.2640625 0.54765625 0.14375 0.1734375
3 0.36640625 0.23359375 0.13125 0.1578125
3 0.940625 0.584375 0.11875 0.16875
0 0.0609375 0.41171875 0.121875 0.1859375
0 0.78125 0.76171875 0.1484375 0.1828125
0 0.934375 0.78828125 0.13125 0.1828125
2 0.7109375 0.5078125 0.1453125 0.1625
4 0.71484375 0.07578125 0.1609375 0.1515625
3 0.48203125 0.63203125 0.1546875 0.1640625
4 0.03203125 0.2171875 0.0640625 0.184375
2 0.4359375 0.43515625 0.1390625 0.1734375
2 0.18203125 0.265625 0.121875 0.140625
4 0.49296875 0.86015625 0.140625 0.1796875
3 0.14921875 0.79921875 0.1390625 0.159375
1 0.35546875 0.9265625 0.1265625 0.146875