1 0.7640625 0.41875 0.1140625 0.146875
1 0.59140625 0.4109375 0.115625 0.140625
0 0.3265625 0.61796875 0.1140625 0.134375
0 0.1265625 0.63671875 0.153125 0.1875
0 0.171875 0.14453125 0.140625 0.1875
0 0.54453125 0.20859375 0.13125 0.140625
0 0.63515625 0.63125 0.1375 0.1859375
2 0.51875 0.91875 0.1171875 0.125
2 0.89609375 0.146875 0.11875 0.1296875
3 0.66953125 0.8546875 0.1125 0.1421875
3 0.42578125 0.384375 0.1171875 0.13125
3 0.4515625 0.621875 0.13125 0.159375
4 0.39140625 0.134375 0.13125 0.1390625
3 0.7484375 0.18515625 0.109375 0.1390625
1 0.790625 0.61328125 0.125 0.1375
4 0.9359375 0.4328125 0.1234375 0.153125
4 0.8703125 0.803125 0.125 0.1265625
4 0.2515625 0.9328125 0.121875 0.134375
0 0.10390625 0.43515625 0.1359375 0.175
4 0.26640625 0.3265625 0.115625 0.13125