1 0.45234375 0.425 0.11796875 0.13125
0 0.28046875 0.859375 0.11796875 0.1421875
0 0.08359375 0.68203125 0.12734375 0.18046875
3 0.25625 0.6828125 0.1046875 0.13828125
4 0.60625 0.39296875 0.10703125 0.14375
2 0.5546875 0.8765625 0.10390625 0.13671875
0 0.70703125 0.896875 0.13046875 0.12890625
3 0.37265625 0.621875 0.1046875 0.14453125
4 0.78359375 0.203125 0.1 0.12109375
0 0.86640625 0.4203125 0.125 0.17734375
2 0.60390625 0.56953125 0.09375 0.121875
0 0.9046875 0.69453125 0.13046875 0.1484375
2 0.3859375 0.1765625 0.1046875 0.1234375
4 0.1140625 0.8953125 0.11484375 0.14140625
4 0.109375 0.14140625 0.10390625 0.13359375
1 0.24453125 0.390625 0.115625 0.1359375
4 0.0953125 0.41796875 0.10390625 0.121875
1 0.54921875 0.1734375 0.1015625 0.11328125
4 0.89140625 0.92578125 0.1015625 0.11484375
0 0.76015625 0.6234375 0.1203125 0.16640625