0 0.5484375 0.21328125 0.1640625 0.1828125
0 0.16171875 0.79375 0.1359375 0.153125
0 0.15390625 0.94375 0.1515625 0.1125
0 0.3125 0.56484375 0.1375 0.1921875
4 0.7171875 0.78125 0.134375 0.15
4 0.38515625 0.2890625 0.134375 0.1625
4 0.87734375 0.7140625 0.1515625 0.1546875
1 0.8796875 0.35078125 0.121875 0.1359375
3 0.303125 0.77109375 0.1421875 0.15
4 0.7640625 0.08359375 0.134375 0.1546875
3 0.43125 0.515625 0.1359375 0.1515625
1 0.32109375 0.95 0.1359375 0.1
3 0.75078125 0.48203125 0.140625 0.153125
4 0.5765625 0.52109375 0.1328125 0.1640625
4 0.54375 0.9203125 0.128125 0.1359375
3 0.734375 0.28828125 0.1453125 0.165625
2 0.05234375 0.2671875 0.1046875 0.1375
2 0.20390625 0.26640625 0.128125 0.1484375
4 0.09296875 0.565625 0.153125 0.16875
2 0.52890625 0.72421875 0.1296875 0.159375