1 0.275 0.14296875 0.146875 0.165625
2 0.61484375 0.57734375 0.1296875 0.14375
0 0.5671875 0.82265625 0.1703125 0.2046875
0 0.45703125 0.5125 0.159375 0.178125
0 0.17734375 0.878125 0.1796875 0.203125
0 0.5734375 0.29140625 0.171875 0.19375
2 0.75703125 0.47578125 0.1171875 0.146875
0 0.19921875 0.65703125 0.1484375 0.15625
0 0.93359375 0.82890625 0.1328125 0.1953125
0 0.434375 0.925 0.165625 0.15
3 0.37109375 0.7359375 0.109375 0.1359375
0 0.42421875 0.33359375 0.1484375 0.1828125
2 0.07578125 0.4890625 0.1078125 0.1328125
0 0.80390625 0.11796875 0.1796875 0.1953125
2 0.865625 0.6390625 0.1328125 0.1671875
4 0.56953125 0.1 0.1421875 0.15625
1 0.21953125 0.34609375 0.1296875 0.1546875
3 0.75703125 0.8484375 0.128125 0.1421875
0 0.075 0.26953125 0.15 0.1796875
4 0.884375 0.35 0.1453125 0.1765625