1 0.415625 0.84609375 0.14375 0.153125
1 0.5703125 0.5328125 0.13125 0.146875
3 0.1515625 0.075 0.128125 0.15
0 0.87265625 0.71796875 0.1671875 0.1953125
1 0.05390625 0.62734375 0.1078125 0.1640625
0 0.3484375 0.265625 0.1375 0.159375
0 0.5015625 0.11015625 0.13125 0.1734375
0 0.209375 0.4859375 0.1484375 0.1796875
4 0.31015625 0.065625 0.1171875 0.13125
0 0.70234375 0.69375 0.1265625 0.184375
2 0.69296875 0.1734375 0.1265625 0.1671875
0 0.1875 0.265625 0.121875 0.1625
3 0.52421875 0.3359375 0.1328125 0.1734375
3 0.89296875 0.134375 0.13125 0.1453125
0 0.71328125 0.8890625 0.1640625 0.1921875
1 0.41015625 0.58046875 0.125 0.146875
0 0.8390625 0.3375 0.115625 0.1296875
4 0.8078125 0.50703125 0.1171875 0.140625
2 0.10234375 0.82890625 0.1171875 0.14375
0 0.23671875 0.8015625 0.146875 0.1828125