0 0.0953125 0.3953125 0.1453125 0.1578125
0 0.1640625 0.609375 0.134375 0.1875
1 0.2578125 0.39609375 0.11875 0.1546875
0 0.54765625 0.565625 0.1359375 0.1578125
0 0.86875 0.1859375 0.1375 0.1609375
4 0.64921875 0.12734375 0.1421875 0.1578125
1 0.44453125 0.86328125 0.1234375 0.1453125
1 0.075 0.21328125 0.1296875 0.140625
2 0.37734375 0.16796875 0.0984375 0.121875
2 0.78359375 0.8625 0.109375 0.1453125
2 0.23984375 0.81484375 0.10625 0.1203125
4 0.4203125 0.37421875 0.1359375 0.1671875
4 0.78359375 0.69140625 0.1171875 0.134375
3 0.68359375 0.478125 0.1234375 0.1546875
1 0.39375 0.67578125 0.1140625 0.1375
4 0.94375 0.4671875 0.1125 0.153125
4 0.22421875 0.1640625 0.1140625 0.146875
3 0.646875 0.8453125 0.1203125 0.1296875
3 0.9375 0.77578125 0.1203125 0.1453125
4 0.5640625 0.30859375 0.128125 0.1390625