1 0.11640625 0.859375 0.1203125 0.140625
1 0.771875 0.5265625 0.1109375 0.14453125
2 0.1203125 0.609375 0.1140625 0.12578125
2 0.44765625 0.125 0.1125 0.11171875
0 0.45234375 0.3140625 0.140625 0.146875
3 0.14609375 0.37421875 0.11328125 0.1484375
2 0.93828125 0.628125 0.1015625 0.109375
0 0.23984375 0.12265625 0.1328125 0.159375
1 0.63828125 0.24765625 0.1046875 0.1203125
3 0.07890625 0.1578125 0.1203125 0.1328125
0 0.615625 0.5453125 0.13203125 0.14921875
0 0.4484375 0.88671875 0.10859375 0.16640625
3 0.4484375 0.5265625 0.10234375 0.13203125
0 0.66015625 0.79453125 0.13359375 0.178125
0 0.28046875 0.91484375 0.10234375 0.16640625
3 0.27578125 0.47578125 0.1171875 0.140625
3 0.8515625 0.7921875 0.11015625 0.11328125
4 0.25703125 0.70625 0.103125 0.13671875
4 0.9234375 0.40234375 0.115625 0.14453125
2 0.84921875 0.1421875 0.09921875 0.1171875