1 0.465625 0.35 0.1265625 0.1515625
1 0.8046875 0.26953125 0.1375 0.1640625
1 0.76796875 0.8265625 0.1296875 0.140625
2 0.35078125 0.16484375 0.1140625 0.1359375
0 0.81328125 0.4546875 0.1734375 0.1859375
3 0.159375 0.11328125 0.103125 0.1375
2 0.28203125 0.3828125 0.1375 0.146875
2 0.040625 0.15546875 0.08125 0.1390625
2 0.5828125 0.6125 0.11875 0.1296875
0 0.6421875 0.36953125 0.16875 0.1921875
0 0.42265625 0.6109375 0.1234375 0.1453125
2 0.08671875 0.66328125 0.146875 0.1703125
3 0.08046875 0.346875 0.1171875 0.15
4 0.9296875 0.74375 0.1359375 0.1609375
3 0.3734375 0.87421875 0.121875 0.1515625
0 0.7421875 0.0921875 0.1328125 0.175
3 0.27890625 0.59765625 0.1375 0.1703125
4 0.51875 0.115625 0.15 0.159375
4 0.60546875 0.8671875 0.11875 0.14375
1 0.2140625 0.91484375 0.115625 0.140625