0 0.20703125 0.38515625 0.140625 0.178125
0 0.93515625 0.846875 0.11875 0.1453125
0 0.734375 0.284375 0.125 0.1796875
0 0.93828125 0.6109375 0.1234375 0.190625
2 0.8984375 0.04921875 0.1 0.0984375
0 0.22890625 0.83828125 0.14375 0.19375
0 0.39140625 0.25234375 0.153125 0.2
2 0.59296875 0.846875 0.09375 0.1078125
1 0.215625 0.121875 0.1125 0.1453125
3 0.41640625 0.81015625 0.1265625 0.1578125
1 0.07421875 0.11953125 0.1203125 0.1515625
3 0.934375 0.40234375 0.11875 0.1265625
4 0.5921875 0.2546875 0.13125 0.15
4 0.34765625 0.5875 0.125 0.14375
4 0.596875 0.45078125 0.115625 0.125
3 0.60703125 0.621875 0.1140625 0.14375
2 0.79140625 0.73359375 0.121875 0.14375
4 0.75 0.5015625 0.13125 0.153125
1 0.1 0.6296875 0.125 0.1453125
2 0.75 0.06953125 0.0890625 0.1359375