2 0.43984375 0.62578125 0.1234375 0.13125
1 0.234375 0.69609375 0.128125 0.1453125
0 0.3015625 0.125 0.1609375 0.184375
1 0.40859375 0.91328125 0.1203125 0.15
0 0.28046875 0.50390625 0.140625 0.171875
0 0.678125 0.20703125 0.1375 0.146875
2 0.87109375 0.4515625 0.115625 0.1375
0 0.5015625 0.109375 0.128125 0.1515625
3 0.23828125 0.92578125 0.115625 0.1453125
0 0.90859375 0.26015625 0.134375 0.1703125
4 0.7984375 0.90234375 0.1171875 0.1484375
0 0.1234375 0.48671875 0.1234375 0.1515625
3 0.85859375 0.6296875 0.10625 0.13125
2 0.94296875 0.87890625 0.1140625 0.15
2 0.6234375 0.9125 0.1125 0.14375
4 0.0828125 0.27734375 0.1296875 0.1625
4 0.53046875 0.36484375 0.128125 0.140625
1 0.721875 0.440625 0.1328125 0.1703125
1 0.3 0.321875 0.128125 0.153125
3 0.6484375 0.63828125 0.121875 0.1375