3 0.19921875 0.2234375 0.10625 0.15
1 0.06640625 0.1640625 0.121875 0.14375
1 0.35390625 0.184375 0.13125 0.146875
0 0.90078125 0.38359375 0.15625 0.153125
0 0.24609375 0.8875 0.146875 0.1859375
2 0.90078125 0.88671875 0.1046875 0.11875
4 0.075 0.93203125 0.1234375 0.1328125
0 0.24921875 0.44453125 0.1375 0.1640625
2 0.41875 0.61640625 0.1390625 0.1640625
2 0.8984375 0.57578125 0.11875 0.1375
4 0.64375 0.73046875 0.1265625 0.15
2 0.5578125 0.29140625 0.1109375 0.15
2 0.38515625 0.8359375 0.1203125 0.1390625
2 0.5953125 0.9296875 0.1109375 0.1375
1 0.23828125 0.64296875 0.109375 0.1390625
4 0.41328125 0.36484375 0.1234375 0.153125
3 0.10078125 0.47109375 0.1046875 0.134375
2 0.7046875 0.1765625 0.1078125 0.140625
4 0.64296875 0.4734375 0.1296875 0.1578125
4 0.88984375 0.19296875 0.1171875 0.1421875