1 0.94453125 0.61328125 0.1109375 0.1640625
1 0.38984375 0.64921875 0.1203125 0.1375
1 0.9421875 0.80625 0.115625 0.15625
1 0.21171875 0.93671875 0.1515625 0.1265625
0 0.715625 0.1375 0.1359375 0.178125
0 0.31640625 0.44375 0.18125 0.1984375
0 0.86796875 0.0796875 0.1421875 0.159375
0 0.8921875 0.44375 0.1765625 0.203125
0 0.4671875 0.81953125 0.171875 0.1765625
0 0.628125 0.83671875 0.15625 0.2015625
0 0.54765625 0.12578125 0.1453125 0.2015625
2 0.575 0.60546875 0.1125 0.1375
0 0.13125 0.64765625 0.1578125 0.203125
2 0.75859375 0.72578125 0.134375 0.1625
4 0.7125 0.4453125 0.15 0.1703125
4 0.88046875 0.23515625 0.1265625 0.14375
4 0.05859375 0.21640625 0.1171875 0.1578125
4 0.1453125 0.41171875 0.146875 0.1640625
4 0.49296875 0.3171875 0.140625 0.15
4 0.3078125 0.203125 0.1296875 0.134375