0 0.52578125 0.38984375 0.1515625 0.190625
0 0.8375 0.090625 0.1625 0.18125
0 0.38359375 0.19765625 0.153125 0.159375
0 0.71171875 0.37265625 0.146875 0.1765625
0 0.340625 0.44921875 0.159375 0.1640625
0 0.86484375 0.3234375 0.1515625 0.1671875
0 0.92578125 0.71328125 0.1484375 0.1984375
4 0.6171875 0.76171875 0.140625 0.159375
3 0.38515625 0.615625 0.1453125 0.15625
4 0.14453125 0.48984375 0.1265625 0.1390625
3 0.21640625 0.27734375 0.121875 0.1515625
3 0.1328125 0.86796875 0.1375 0.1640625
3 0.2796875 0.8765625 0.14375 0.1703125
3 0.06171875 0.1671875 0.1234375 0.15
4 0.6109375 0.14609375 0.15 0.16875
4 0.43203125 0.8046875 0.128125 0.1453125
3 0.265625 0.696875 0.128125 0.1390625
2 0.103125 0.715625 0.1234375 0.1375
2 0.75234375 0.62890625 0.1359375 0.15
1 0.57109375 0.5640625 0.140625 0.1671875