1 0.11328125 0.9125 0.11015625 0.134375
0 0.934375 0.85859375 0.13046875 0.1375
1 0.80546875 0.44609375 0.10703125 0.11484375
4 0.64453125 0.4921875 0.115625 0.1359375
2 0.55390625 0.15390625 0.11015625 0.13046875
0 0.29296875 0.15625 0.15234375 0.1671875
2 0.4125 0.55859375 0.1140625 0.1328125
0 0.75546875 0.896875 0.14140625 0.19609375
0 0.271875 0.44453125 0.115625 0.128125
3 0.1140625 0.08828125 0.1046875 0.13671875
4 0.77734375 0.6171875 0.10234375 0.13046875
3 0.13671875 0.3234375 0.1078125 0.13984375
3 0.73046875 0.1328125 0.12734375 0.1453125
2 0.88984375 0.14765625 0.109375 0.146875
2 0.28203125 0.803125 0.1171875 0.14765625
4 0.4203125 0.340625 0.12109375 0.146875
2 0.10546875 0.73515625 0.0984375 0.1234375
4 0.43984375 0.7578125 0.12890625 0.14296875
4 0.07890625 0.50390625 0.11484375 0.146875
4 0.6 0.77109375 0.11171875 0.15234375