0 0.5234375 0.61328125 0.1671875 0.1796875
0 0.92578125 0.7984375 0.1484375 0.203125
0 0.3265625 0.91171875 0.159375 0.1765625
0 0.59375 0.2953125 0.1609375 0.19375
0 0.340625 0.6984375 0.15 0.1625
3 0.7453125 0.54765625 0.1265625 0.1453125
3 0.41796875 0.2109375 0.121875 0.16875
3 0.45 0.4125 0.1203125 0.1359375
3 0.0609375 0.203125 0.121875 0.159375
1 0.73203125 0.76328125 0.134375 0.159375
3 0.26015625 0.38828125 0.1421875 0.165625
4 0.7953125 0.07265625 0.140625 0.1453125
3 0.74765625 0.31640625 0.1359375 0.1546875
3 0.14921875 0.93671875 0.1203125 0.1265625
3 0.20546875 0.1171875 0.1203125 0.1546875
1 0.9015625 0.2984375 0.134375 0.15625
3 0.5921875 0.8265625 0.1203125 0.15
2 0.9203125 0.60625 0.1109375 0.140625
3 0.103125 0.5421875 0.146875 0.1578125
3 0.55703125 0.10234375 0.14375 0.15