1 0.3859375 0.31328125 0.125 0.1578125
1 0.5546875 0.0984375 0.1234375 0.15625
3 0.5546875 0.5296875 0.115625 0.153125
0 0.91484375 0.48046875 0.146875 0.178125
1 0.74609375 0.63984375 0.10625 0.140625
0 0.3609375 0.7375 0.146875 0.1484375
2 0.55546875 0.72734375 0.1171875 0.1359375
3 0.16328125 0.7515625 0.1296875 0.1375
4 0.88828125 0.13984375 0.121875 0.1546875
3 0.3140625 0.125 0.128125 0.1390625
0 0.16484375 0.92578125 0.1421875 0.1484375
3 0.903125 0.68203125 0.1109375 0.134375
3 0.73046875 0.11328125 0.109375 0.1390625
0 0.28671875 0.5265625 0.1546875 0.196875
2 0.08046875 0.54140625 0.115625 0.1296875
4 0.696875 0.8828125 0.11875 0.1484375
4 0.15703125 0.3046875 0.1265625 0.1328125
2 0.85234375 0.909375 0.1078125 0.13125
1 0.5703125 0.33671875 0.121875 0.1421875