1 0.3828125 0.66796875 0.11875 0.13125
1 0.77734375 0.4671875 0.1234375 0.15
1 0.26328125 0.121875 0.1265625 0.1359375
1 0.4390625 0.2234375 0.109375 0.1234375
1 0.709375 0.78046875 0.115625 0.1515625
3 0.24375 0.4859375 0.1046875 0.1390625
3 0.85546875 0.88203125 0.121875 0.153125
3 0.24609375 0.30703125 0.115625 0.14375
4 0.571875 0.26484375 0.1109375 0.1203125
4 0.84296875 0.7140625 0.109375 0.134375
0 0.08203125 0.40546875 0.153125 0.1625
0 0.58359375 0.0796875 0.134375 0.1578125
4 0.56328125 0.459375 0.13125 0.1484375
2 0.109375 0.87421875 0.109375 0.1359375
4 0.10859375 0.63984375 0.1234375 0.1390625
2 0.09296875 0.0875 0.1109375 0.1359375
2 0.73984375 0.24296875 0.1125 0.1515625
4 0.93515625 0.1734375 0.121875 0.1578125
2 0.384375 0.85 0.115625 0.15
2 0.3984375 0.43671875 0.10625 0.1421875