1 0.81484375 0.66328125 0.15625 0.1734375
0 0.725 0.2828125 0.1609375 0.171875
3 0.39921875 0.9234375 0.1421875 0.153125
0 0.6 0.53125 0.16875 0.1984375
4 0.85859375 0.0640625 0.1234375 0.128125
3 0.94765625 0.8265625 0.1046875 0.125
2 0.8421875 0.4625 0.14375 0.1578125
0 0.52421875 0.3390625 0.1578125 0.1859375
0 0.890625 0.253125 0.1640625 0.2
0 0.928125 0.62421875 0.14375 0.2078125
3 0.06796875 0.315625 0.1359375 0.153125
0 0.3578125 0.73671875 0.15 0.175
2 0.70546875 0.109375 0.115625 0.1375
1 0.478125 0.12265625 0.1546875 0.178125
2 0.55078125 0.73203125 0.1328125 0.153125
4 0.1125 0.6390625 0.1484375 0.1734375
4 0.209375 0.9296875 0.15 0.140625
1 0.2515625 0.4296875 0.146875 0.171875
4 0.8015625 0.86640625 0.1390625 0.165625
4 0.30859375 0.2140625 0.1671875 0.178125