2 0.665625 0.4078125 0.1125 0.1296875
3 0.68984375 0.6390625 0.140625 0.159375
0 0.24765625 0.13671875 0.11875 0.16875
0 0.4109375 0.17578125 0.1421875 0.159375
2 0.55703125 0.64921875 0.1125 0.1203125
3 0.8546875 0.65078125 0.1171875 0.1359375
0 0.26484375 0.48984375 0.153125 0.165625
0 0.07890625 0.41171875 0.1578125 0.1859375
3 0.58359375 0.1890625 0.1203125 0.1453125
2 0.5984375 0.87265625 0.11875 0.1390625
1 0.90078125 0.1171875 0.1390625 0.175
1 0.12109375 0.71328125 0.1125 0.1421875
2 0.396875 0.7296875 0.1109375 0.14375
1 0.8765625 0.34296875 0.1296875 0.146875
0 0.78046875 0.86484375 0.1171875 0.1515625
4 0.43359375 0.4421875 0.1109375 0.134375
4 0.0765625 0.209375 0.1109375 0.13125
4 0.20625 0.9015625 0.1453125 0.1765625
2 0.74765625 0.12421875 0.103125 0.134375
3 0.9578125 0.834375 0.084375 0.14375