1 0.340625 0.109375 0.12265625 0.146875
2 0.6 0.59609375 0.11015625 0.12578125
0 0.51015625 0.8296875 0.140625 0.1828125
0 0.45546875 0.5046875 0.13359375 0.15703125
0 0.11640625 0.81640625 0.15078125 0.1796875
0 0.60859375 0.30703125 0.14375 0.171875
2 0.75703125 0.52109375 0.0953125 0.13203125
0 0.1765625 0.60234375 0.12734375 0.13671875
0 0.88828125 0.903125 0.140625 0.17421875
0 0.359375 0.92109375 0.14140625 0.15390625
3 0.33203125 0.71015625 0.0890625 0.12265625
0 0.4546875 0.32265625 0.12109375 0.1640625
2 0.084375 0.415625 0.0890625 0.11875
0 0.865625 0.1765625 0.1515625 0.17109375
2 0.8359375 0.70078125 0.10859375 0.15
4 0.63828125 0.11796875 0.11953125 0.13828125
1 0.25078125 0.3 0.10703125 0.1375
3 0.69296875 0.8875 0.1078125 0.125
0 0.1171875 0.19921875 0.1328125 0.15859375
4 0.9046875 0.41875 0.11953125 0.15859375