1 0.684375 0.5546875 0.134375 0.1484375
2 0.63828125 0.37734375 0.1171875 0.128125
1 0.7015625 0.1515625 0.109375 0.1375
1 0.303125 0.12734375 0.1265625 0.1609375
3 0.36953125 0.74140625 0.1234375 0.15
0 0.5 0.11875 0.1296875 0.16875
2 0.8703125 0.1125 0.1234375 0.1140625
3 0.36875 0.52109375 0.134375 0.1421875
0 0.15703125 0.19609375 0.140625 0.1625
0 0.8328125 0.515625 0.1265625 0.175
3 0.7921875 0.8515625 0.1390625 0.1625
0 0.21875 0.5296875 0.125 0.175
4 0.23125 0.73203125 0.11875 0.15
4 0.18671875 0.93515625 0.1171875 0.1296875
4 0.4234375 0.334375 0.1359375 0.159375
4 0.62265625 0.89609375 0.125 0.1546875
4 0.54140625 0.6828125 0.1265625 0.1375
3 0.8921875 0.30390625 0.1296875 0.14375
1 0.35625 0.91953125 0.1234375 0.140625