0 0.2390625 0.44921875 0.15234375 0.184375
0 0.50625 0.6640625 0.1375 0.1734375
0 0.921875 0.265625 0.1359375 0.1328125
0 0.521875 0.0921875 0.134375 0.16875
0 0.67265625 0.44921875 0.10234375 0.14765625
4 0.1234375 0.7328125 0.11171875 0.1359375
4 0.0859375 0.284375 0.10234375 0.1234375
4 0.77578125 0.83984375 0.1171875 0.153125
4 0.27265625 0.66484375 0.128125 0.1703125
3 0.22421875 0.10703125 0.125 0.13671875
2 0.71015625 0.6375 0.096875 0.11640625
1 0.096875 0.9140625 0.1265625 0.13359375
3 0.86171875 0.4890625 0.121875 0.13203125
1 0.58828125 0.85 0.11484375 0.1484375
2 0.93125 0.740625 0.11484375 0.15703125
4 0.284375 0.93203125 0.1078125 0.13203125
4 0.72578125 0.1921875 0.1140625 0.13515625
2 0.3625 0.09453125 0.1 0.12578125
2 0.459375 0.38828125 0.109375 0.1296875
4 0.44765625 0.93515625 0.1265625 0.1296875