2 0.08671875 0.83828125 0.11875 0.1140625
2 0.10234375 0.6859375 0.09921875 0.115625
1 0.70390625 0.28984375 0.121875 0.14453125
0 0.9046875 0.17734375 0.13984375 0.19765625
3 0.89296875 0.67578125 0.10234375 0.13984375
3 0.9109375 0.896875 0.09609375 0.1296875
2 0.31171875 0.934375 0.11328125 0.13125
0 0.50546875 0.57421875 0.16015625 0.171875
1 0.49375 0.096875 0.10234375 0.1390625
1 0.728125 0.703125 0.10859375 0.14765625
3 0.3203125 0.64453125 0.103125 0.13359375
4 0.15078125 0.16171875 0.10234375 0.13203125
0 0.4765625 0.3046875 0.11484375 0.1671875
3 0.3140625 0.4078125 0.109375 0.140625
3 0.74609375 0.47109375 0.10703125 0.14765625
4 0.7 0.90390625 0.12890625 0.146875
1 0.1625 0.43671875 0.115625 0.1265625
2 0.45078125 0.8484375 0.10859375 0.14453125
3 0.31640625 0.14609375 0.0984375 0.12734375
1 0.9234375 0.475 0.09921875 0.1375