1 0.6578125 0.2171875 0.1546875 0.16875
1 0.1734375 0.0484375 0.1375 0.096875
2 0.5578125 0.81796875 0.1328125 0.140625
3 0.1296875 0.3921875 0.1453125 0.1546875
2 0.82890625 0.709375 0.1375 0.1421875
1 0.59140625 0.64921875 0.1375 0.1484375
2 0.9421875 0.159375 0.115625 0.1625
2 0.50546875 0.12578125 0.1359375 0.1515625
4 0.23203125 0.21875 0.125 0.1421875
4 0.053125 0.7546875 0.10625 0.159375
2 0.40390625 0.63984375 0.1234375 0.1296875
2 0.76953125 0.46015625 0.1203125 0.1421875
2 0.2296875 0.615625 0.1171875 0.140625
1 0.16875 0.8375 0.128125 0.1515625
3 0.38359375 0.359375 0.134375 0.1578125
2 0.53828125 0.44921875 0.1265625 0.15
4 0.41640625 0.809375 0.1375 0.15625
1 0.334375 0.075 0.140625 0.15
1 0.815625 0.890625 0.1359375 0.1484375
3 0.94921875 0.4578125 0.1015625 0.14375