1 0.59765625 0.69609375 0.1125 0.15
1 0.41015625 0.8953125 0.1125 0.146875
3 0.4484375 0.465625 0.103125 0.1453125
0 0.08515625 0.48359375 0.1328125 0.16875
1 0.2671875 0.3390625 0.0953125 0.134375
0 0.659375 0.27578125 0.1359375 0.1375
2 0.46484375 0.26875 0.10625 0.1265625
3 0.85703125 0.27890625 0.11875 0.128125
4 0.08203125 0.825 0.109375 0.1453125
3 0.65234375 0.88984375 0.11875 0.128125
0 0.87265625 0.08828125 0.128125 0.171875
3 0.1140625 0.28359375 0.1 0.1265625
3 0.23671875 0.86484375 0.096875 0.13125
0 0.71484375 0.4921875 0.1375 0.1859375
2 0.921875 0.4953125 0.10625 0.1203125
4 0.3375 0.1015625 0.10625 0.140625
4 0.825 0.72421875 0.115625 0.1234375
2 0.184375 0.06171875 0.096875 0.1234375
1 0.415625 0.65625 0.109375 0.134375