1 0.16796875 0.37734375 0.1359375 0.159375
3 0.35625 0.37578125 0.1328125 0.171875
0 0.53828125 0.71328125 0.1234375 0.16875
3 0.49453125 0.47890625 0.1359375 0.1484375
0 0.859375 0.946875 0.15 0.10625
2 0.70546875 0.9453125 0.1421875 0.109375
0 0.784375 0.153125 0.140625 0.15
2 0.5484375 0.93984375 0.115625 0.1203125
0 0.26015625 0.1390625 0.1421875 0.19375
0 0.65 0.5234375 0.15 0.1765625
2 0.90234375 0.7375 0.128125 0.15
4 0.4 0.1703125 0.13125 0.1609375
3 0.0734375 0.81875 0.146875 0.178125
2 0.32421875 0.8953125 0.125 0.15625
4 0.79765625 0.3390625 0.153125 0.16875
1 0.6734375 0.73125 0.1484375 0.16875
2 0.278125 0.68828125 0.146875 0.1859375
4 0.09921875 0.5890625 0.140625 0.1515625
2 0.5578125 0.15 0.1359375 0.1796875
3 0.9328125 0.3734375 0.134375 0.1546875