1 0.303125 0.68359375 0.128125 0.1359375
0 0.7484375 0.7984375 0.1484375 0.1515625
3 0.7765625 0.38984375 0.1265625 0.1625
1 0.54140625 0.80078125 0.121875 0.140625
2 0.33515625 0.49296875 0.1015625 0.1078125
1 0.91171875 0.61875 0.11875 0.140625
0 0.9484375 0.221875 0.103125 0.184375
0 0.465625 0.2875 0.134375 0.175
0 0.29140625 0.19296875 0.15 0.1609375
0 0.11953125 0.55234375 0.134375 0.171875
3 0.50390625 0.10859375 0.115625 0.1453125
0 0.934375 0.446875 0.13125 0.16875
0 0.675 0.1875 0.153125 0.1953125
4 0.06328125 0.87265625 0.1265625 0.1484375
4 0.13203125 0.0671875 0.1390625 0.134375
0 0.17578125 0.36171875 0.1359375 0.1734375
4 0.3390625 0.896875 0.1234375 0.134375
4 0.7375 0.5375 0.128125 0.1671875
4 0.8140625 0.153125 0.1296875 0.15625
4 0.5375 0.55859375 0.125 0.1421875