1 0.59765625 0.30390625 0.1125 0.14921875
1 0.41015625 0.1046875 0.11171875 0.146875
3 0.4484375 0.534375 0.103125 0.1453125
0 0.08515625 0.51640625 0.1328125 0.16796875
1 0.2671875 0.6609375 0.0953125 0.13359375
0 0.659375 0.72421875 0.1359375 0.1375
2 0.46484375 0.73125 0.10625 0.1265625
3 0.85703125 0.72109375 0.11875 0.128125
4 0.08203125 0.175 0.109375 0.1453125
3 0.65234375 0.11015625 0.11796875 0.12890625
0 0.87265625 0.91171875 0.128125 0.171875
3 0.1140625 0.71640625 0.1 0.1265625
3 0.23671875 0.13515625 0.09765625 0.13125
0 0.71484375 0.5078125 0.13828125 0.1859375
2 0.921875 0.5046875 0.10625 0.1203125
4 0.3375 0.8984375 0.10703125 0.13984375
4 0.825 0.27578125 0.11640625 0.1234375
2 0.184375 0.93828125 0.09765625 0.1234375
1 0.415625 0.34375 0.11015625 0.13359375