0 0.0984375 0.228125 0.1078125 0.17421875
0 0.16875 0.43828125 0.14765625 0.1734375
0 0.9125 0.1125 0.12265625 0.13515625
3 0.7328125 0.92734375 0.11796875 0.13515625
4 0.53046875 0.11171875 0.10234375 0.1375
3 0.43515625 0.36953125 0.11640625 0.1609375
4 0.76328125 0.19375 0.12578125 0.14765625
4 0.5609375 0.68828125 0.13359375 0.14140625
3 0.58359375 0.3921875 0.12265625 0.1609375
3 0.0984375 0.9015625 0.11484375 0.153125
4 0.728125 0.71328125 0.11953125 0.14921875
2 0.23046875 0.66953125 0.0984375 0.1125
2 0.49375 0.93125 0.08984375 0.11484375
2 0.25078125 0.2 0.09609375 0.1171875
2 0.284375 0.8765625 0.10078125 0.14140625
1 0.884375 0.934375 0.10390625 0.11796875
2 0.8921875 0.69453125 0.1125 0.13359375
2 0.90625 0.3390625 0.11796875 0.1390625
4 0.409375 0.6046875 0.12265625 0.14765625
4 0.740625 0.49140625 0.12265625 0.13984375