1 0.85859375 0.87890625 0.1296875 0.140625
1 0.06484375 0.75 0.1296875 0.175
0 0.27109375 0.296875 0.1625 0.1765625
2 0.46484375 0.50625 0.134375 0.1421875
2 0.4796875 0.2640625 0.1390625 0.153125
0 0.7671875 0.1578125 0.1625 0.15625
0 0.21484375 0.0578125 0.1609375 0.115625
0 0.45546875 0.7828125 0.1671875 0.2
0 0.6578125 0.87109375 0.15 0.190625
0 0.14140625 0.2078125 0.15625 0.2
4 0.61875 0.54921875 0.146875 0.1640625
0 0.946875 0.19609375 0.10625 0.1828125
3 0.55703125 0.09296875 0.1328125 0.1453125
2 0.80859375 0.40703125 0.1203125 0.1375
4 0.18984375 0.825 0.134375 0.1578125
3 0.59375 0.346875 0.1453125 0.1640625
3 0.19453125 0.61015625 0.153125 0.1609375
4 0.72578125 0.64765625 0.165625 0.1859375
3 0.35 0.1125 0.121875 0.1265625
4 0.8921875 0.63359375 0.1421875 0.15625