0 0.57109375 0.09609375 0.1296875 0.1734375
0 0.60546875 0.47421875 0.140625 0.178125
0 0.7234375 0.14765625 0.1390625 0.1515625
0 0.39453125 0.26875 0.1203125 0.1375
0 0.565625 0.8875 0.11875 0.1734375
1 0.42890625 0.8734375 0.1140625 0.1375
1 0.08984375 0.653125 0.125 0.1421875
3 0.83515625 0.90234375 0.1140625 0.1484375
1 0.15703125 0.38203125 0.1359375 0.146875
3 0.35859375 0.090625 0.1203125 0.1515625
4 0.25625 0.85234375 0.1375 0.1625
4 0.90703125 0.1265625 0.1125 0.13125
3 0.83515625 0.3671875 0.11875 0.1484375
1 0.2296875 0.58203125 0.115625 0.1359375
3 0.3953125 0.5453125 0.1203125 0.15
3 0.56875 0.66484375 0.1140625 0.1375
3 0.5625 0.2515625 0.1203125 0.140625
2 0.78125 0.60078125 0.121875 0.1515625
2 0.12421875 0.06796875 0.1015625 0.1234375
4 0.05625 0.84375 0.1125 0.16875