1 0.2828125 0.80390625 0.1046875 0.12734375
0 0.12421875 0.79921875 0.13671875 0.18359375
0 0.5125 0.1390625 0.14765625 0.1671875
0 0.090625 0.60703125 0.1328125 0.17890625
0 0.2125 0.3828125 0.12265625 0.1265625
2 0.9390625 0.2015625 0.10703125 0.128125
4 0.26484375 0.60859375 0.10234375 0.12265625
2 0.92734375 0.4515625 0.11640625 0.12421875
0 0.46484375 0.3421875 0.12265625 0.14296875
2 0.609375 0.7 0.11640625 0.15
0 0.75546875 0.3125 0.1421875 0.14296875
2 0.70234375 0.1234375 0.11640625 0.13359375
0 0.08828125 0.14140625 0.14609375 0.18359375
4 0.77890625 0.75 0.121875 0.140625
4 0.75234375 0.54609375 0.10625 0.12734375
2 0.47890625 0.53828125 0.109375 0.1390625
4 0.9359375 0.8453125 0.11015625 0.125
1 0.290625 0.11328125 0.103125 0.13359375
3 0.9234375 0.61875 0.1046875 0.13046875
4 0.46015625 0.72421875 0.1140625 0.125