2 0.12265625 0.5203125 0.1296875 0.1421875
1 0.590625 0.3640625 0.1359375 0.1546875
3 0.26640625 0.53515625 0.125 0.1625
4 0.8015625 0.94609375 0.125 0.1078125
1 0.39453125 0.68515625 0.128125 0.1515625
2 0.61796875 0.1296875 0.1234375 0.1390625
0 0.9328125 0.46796875 0.13125 0.1671875
2 0.7234375 0.41484375 0.1359375 0.1484375
4 0.58203125 0.634375 0.134375 0.1546875
0 0.90703125 0.765625 0.128125 0.14375
4 0.75234375 0.65859375 0.1359375 0.15625
4 0.35625 0.9046875 0.1421875 0.15625
2 0.146875 0.81640625 0.128125 0.1546875
2 0.58671875 0.934375 0.1234375 0.13125
2 0.9578125 0.2296875 0.084375 0.1625
4 0.403125 0.3515625 0.140625 0.1640625
2 0.38359375 0.11484375 0.13125 0.165625
3 0.82109375 0.2109375 0.13125 0.165625
1 0.2390625 0.284375 0.140625 0.1671875
3 0.2109375 0.096875 0.1296875 0.15625