1 0.8 0.3859375 0.12578125 0.15390625
1 0.48359375 0.61640625 0.10078125 0.13125
1 0.121875 0.91171875 0.11484375 0.13359375
3 0.63359375 0.590625 0.1234375 0.1484375
0 0.3109375 0.66171875 0.13515625 0.14609375
3 0.51484375 0.88984375 0.10390625 0.13359375
0 0.82109375 0.91875 0.115625 0.15625
1 0.6421875 0.7984375 0.11015625 0.15
0 0.10703125 0.17734375 0.134375 0.18046875
0 0.32734375 0.9140625 0.134375 0.15859375
3 0.73671875 0.19921875 0.1125 0.15
2 0.559375 0.38515625 0.08828125 0.10078125
3 0.22109375 0.4703125 0.1078125 0.13828125
4 0.15703125 0.690625 0.1234375 0.13515625
4 0.91328125 0.68515625 0.11484375 0.1375
0 0.290625 0.21484375 0.11953125 0.15
2 0.396875 0.41796875 0.125 0.13515625
4 0.0890625 0.421875 0.11328125 0.14375
4 0.5828125 0.1453125 0.11328125 0.1484375
2 0.89140625 0.20546875 0.09921875 0.146875