0 0.7265625 0.6515625 0.13125 0.146875
0 0.8734375 0.37421875 0.12890625 0.14921875
0 0.540625 0.63125 0.1109375 0.17421875
0 0.3703125 0.86484375 0.1328125 0.1671875
4 0.27421875 0.146875 0.11796875 0.1296875
2 0.0890625 0.92421875 0.09453125 0.11484375
1 0.09609375 0.43046875 0.1265625 0.153125
4 0.4484375 0.2265625 0.1203125 0.153125
2 0.134375 0.178125 0.10078125 0.12578125
1 0.89921875 0.55546875 0.09765625 0.115625
3 0.6671875 0.446875 0.1171875 0.159375
1 0.68046875 0.2578125 0.12265625 0.14375
0 0.76875 0.85 0.1359375 0.1609375
1 0.2578125 0.63203125 0.12109375 0.14296875
3 0.94140625 0.19296875 0.11328125 0.14765625
3 0.1109375 0.7 0.11171875 0.13515625
3 0.265625 0.41875 0.11640625 0.1296875
4 0.9359375 0.85859375 0.1234375 0.1609375
3 0.5296875 0.89921875 0.13046875 0.140625
1 0.378125 0.565625 0.10078125 0.1390625