3 0.07734375 0.3625 0.09609375 0.13203125
3 0.54453125 0.865625 0.1171875 0.1625
3 0.6640625 0.6546875 0.115625 0.1515625
3 0.40234375 0.19375 0.10703125 0.146875
0 0.30703125 0.6828125 0.1140625 0.16875
0 0.69921875 0.4140625 0.11875 0.1453125
4 0.4609375 0.6375 0.10859375 0.1265625
3 0.8640625 0.33203125 0.109375 0.15234375
2 0.809375 0.90078125 0.090625 0.1203125
4 0.2484375 0.13828125 0.10390625 0.1296875
0 0.853125 0.63671875 0.12421875 0.14921875
4 0.11015625 0.69296875 0.1109375 0.1390625
2 0.09765625 0.12578125 0.10859375 0.1484375
4 0.5734375 0.121875 0.11015625 0.11953125
2 0.35859375 0.3953125 0.10078125 0.1328125
4 0.73515625 0.14453125 0.12890625 0.1671875
3 0.09921875 0.93203125 0.115625 0.125
3 0.53984375 0.41328125 0.10859375 0.15078125
1 0.90625 0.14453125 0.11484375 0.1625
3 0.37578125 0.91171875 0.11015625 0.12421875