2 0.45234375 0.1359375 0.09921875 0.11015625
1 0.9171875 0.47578125 0.1109375 0.1234375
0 0.35078125 0.76171875 0.121875 0.15625
3 0.15 0.68984375 0.10390625 0.14296875
0 0.7375 0.3171875 0.12109375 0.128125
3 0.740625 0.5109375 0.1109375 0.1515625
3 0.56484375 0.790625 0.1015625 0.1375
3 0.08125 0.3078125 0.11171875 0.14609375
0 0.91796875 0.6953125 0.11640625 0.1625
0 0.290625 0.178125 0.1125 0.16015625
0 0.13046875 0.11015625 0.134375 0.15546875
2 0.296875 0.44140625 0.115625 0.1390625
4 0.184375 0.87421875 0.12734375 0.15703125
3 0.54921875 0.3765625 0.12578125 0.1375
4 0.93203125 0.8984375 0.12421875 0.15859375
2 0.546875 0.578125 0.10625 0.1515625
2 0.7515625 0.80390625 0.09609375 0.12109375
4 0.59375 0.15234375 0.10546875 0.15859375
3 0.9125 0.29453125 0.109375 0.13671875
1 0.74375 0.1203125 0.0984375 0.12734375