0 0.88203125 0.7859375 0.1546875 0.1515625
0 0.51484375 0.290625 0.15625 0.16875
0 0.390625 0.57890625 0.1390625 0.1796875
0 0.78203125 0.5984375 0.1609375 0.1953125
0 0.884375 0.24921875 0.1625 0.1671875
4 0.2546875 0.91796875 0.125 0.1359375
3 0.6421875 0.853125 0.15625 0.1671875
4 0.065625 0.57421875 0.125 0.14375
3 0.16875 0.31875 0.128125 0.1609375
4 0.51171875 0.06875 0.1328125 0.1375
1 0.71953125 0.3328125 0.1265625 0.1578125
4 0.02890625 0.15546875 0.0578125 0.1421875
1 0.34375 0.38125 0.1484375 0.1671875
3 0.29453125 0.18125 0.1484375 0.1671875
4 0.44140625 0.75234375 0.14375 0.1625
4 0.2515625 0.671875 0.1390625 0.16875
1 0.6125 0.48671875 0.1234375 0.1484375
2 0.671875 0.05625 0.121875 0.1125
3 0.8265625 0.05390625 0.13125 0.1078125
4 0.89453125 0.41953125 0.121875 0.146875