0 0.246875 0.44609375 0.10703125 0.1515625
0 0.40859375 0.29453125 0.11171875 0.1546875
0 0.834375 0.121875 0.13515625 0.13046875
1 0.6578125 0.13046875 0.11484375 0.1296875
0 0.7078125 0.3421875 0.13203125 0.16875
0 0.1125 0.90078125 0.15 0.18203125
0 0.42734375 0.6375 0.14375 0.15703125
4 0.88515625 0.5765625 0.11875 0.14453125
3 0.0875 0.33125 0.11015625 0.15234375
1 0.0984375 0.1234375 0.115625 0.1375
3 0.8765625 0.321875 0.1 0.12734375
3 0.24921875 0.62890625 0.109375 0.1359375
3 0.2890625 0.921875 0.11328125 0.14921875
3 0.72109375 0.70390625 0.1140625 0.15
2 0.26171875 0.24296875 0.10234375 0.12109375
3 0.08671875 0.6609375 0.1171875 0.13984375
3 0.64921875 0.91484375 0.10234375 0.13671875
4 0.42734375 0.1171875 0.10546875 0.12265625
2 0.859375 0.79453125 0.1109375 0.13828125
3 0.45703125 0.80234375 0.12578125 0.1390625