0 0.0921875 0.13984375 0.10234375 0.17109375
0 0.1140625 0.909375 0.15234375 0.171875
0 0.24140625 0.44296875 0.1453125 0.18359375
0 0.3734375 0.4 0.12578125 0.1859375
0 0.4609375 0.1 0.12421875 0.17109375
0 0.759375 0.91875 0.1421875 0.1484375
4 0.659375 0.6984375 0.109375 0.12578125
2 0.31640625 0.6984375 0.0921875 0.10703125
4 0.3109375 0.928125 0.1171875 0.1375
0 0.46875 0.8359375 0.13359375 0.1671875
1 0.83984375 0.72421875 0.1140625 0.1390625
1 0.50546875 0.59375 0.11484375 0.1390625
4 0.23828125 0.175 0.1171875 0.1484375
3 0.73671875 0.50390625 0.1171875 0.1484375
3 0.93203125 0.90625 0.11171875 0.14609375
3 0.1375 0.71484375 0.115625 0.1328125
1 0.5265625 0.35234375 0.13359375 0.15546875
4 0.9359375 0.53515625 0.11328125 0.12734375
4 0.9109375 0.2859375 0.11640625 0.146875
2 0.68203125 0.13671875 0.1078125 0.1359375