3 0.19375 0.18359375 0.121875 0.1421875
2 0.64375 0.87421875 0.1109375 0.1265625
0 0.66171875 0.14609375 0.1890625 0.1984375
1 0.346875 0.14375 0.14375 0.1609375
0 0.63203125 0.4859375 0.1703125 0.21875
0 0.27578125 0.45859375 0.175 0.1921875
0 0.17109375 0.69921875 0.153125 0.209375
4 0.0640625 0.2328125 0.128125 0.159375
0 0.82578125 0.8140625 0.146875 0.1765625
2 0.83984375 0.084375 0.1484375 0.16875
3 0.07578125 0.46484375 0.1421875 0.1625
1 0.846875 0.59609375 0.140625 0.1546875
2 0.3640625 0.9171875 0.1375 0.159375
0 0.453125 0.73828125 0.1578125 0.1890625
1 0.61171875 0.71328125 0.1359375 0.159375
1 0.196875 0.921875 0.15625 0.15625
2 0.546875 0.32578125 0.121875 0.146875
0 0.4484375 0.55078125 0.175 0.1859375
4 0.9609375 0.8 0.078125 0.159375
1 0.83515625 0.384375 0.1390625 0.15