0 0.41484375 0.409375 0.1296875 0.184375
0 0.40078125 0.20625 0.140625 0.190625
0 0.9046875 0.85625 0.1234375 0.184375
0 0.06015625 0.83828125 0.1203125 0.1921875
1 0.82421875 0.47421875 0.1171875 0.1328125
3 0.71875 0.88515625 0.13125 0.1671875
3 0.81015625 0.675 0.134375 0.1578125
2 0.56484375 0.4140625 0.0984375 0.1140625
1 0.75 0.20234375 0.1328125 0.153125
1 0.38515625 0.86328125 0.1328125 0.1546875
3 0.4796875 0.65859375 0.15 0.16875
1 0.5890625 0.10703125 0.146875 0.1671875
2 0.3171875 0.63984375 0.11875 0.134375
3 0.17890625 0.13046875 0.1375 0.1609375
1 0.65078125 0.5984375 0.1328125 0.1515625
1 0.13046875 0.3625 0.1515625 0.1625
2 0.22265625 0.82265625 0.128125 0.1421875
2 0.528125 0.88671875 0.1359375 0.1421875
2 0.946875 0.203125 0.10625 0.15
1 0.1234375 0.58828125 0.140625 0.1609375