0 0.09453125 0.7234375 0.159375 0.1765625
0 0.11796875 0.5171875 0.1484375 0.203125
0 0.76640625 0.90546875 0.1515625 0.1890625
0 0.55546875 0.27265625 0.1421875 0.15625
0 0.5734375 0.46171875 0.146875 0.1796875
0 0.13125 0.24609375 0.13125 0.1328125
0 0.2828125 0.65 0.1265625 0.15625
0 0.30390625 0.44375 0.1515625 0.19375
0 0.596875 0.83984375 0.146875 0.1921875
1 0.7921875 0.68828125 0.1328125 0.14375
2 0.75625 0.4625 0.1 0.134375
1 0.7890625 0.290625 0.1046875 0.1453125
3 0.1734375 0.07421875 0.13125 0.1484375
2 0.40625 0.90078125 0.1109375 0.128125
1 0.875 0.09375 0.1171875 0.146875
0 0.39296875 0.23671875 0.1265625 0.1765625
3 0.27109375 0.878125 0.1265625 0.1484375
3 0.9171875 0.47578125 0.1421875 0.165625
3 0.66015625 0.08984375 0.115625 0.128125
2 0.44140625 0.62734375 0.1171875 0.1375