0 0.7140625 0.30390625 0.134375 0.184375
0 0.93671875 0.6296875 0.1265625 0.1625
0 0.190625 0.2984375 0.1375 0.18125
0 0.746875 0.50078125 0.1484375 0.1734375
0 0.5234375 0.540625 0.1421875 0.190625
0 0.9328125 0.84140625 0.134375 0.1890625
0 0.61796875 0.84921875 0.1578125 0.1890625
4 0.8734375 0.05859375 0.146875 0.1171875
3 0.3546875 0.35390625 0.140625 0.1796875
2 0.3640625 0.1484375 0.1203125 0.128125
3 0.78203125 0.76171875 0.134375 0.1421875
4 0.2421875 0.7671875 0.115625 0.140625
4 0.3734375 0.78125 0.1359375 0.153125
2 0.18515625 0.1109375 0.1125 0.134375
3 0.2203125 0.49453125 0.1265625 0.1421875
1 0.5421875 0.31328125 0.1296875 0.165625
4 0.93046875 0.4671875 0.13125 0.1578125
2 0.52109375 0.1203125 0.1203125 0.1515625
2 0.70703125 0.0828125 0.1390625 0.1484375
1 0.86015625 0.26484375 0.1359375 0.1671875