1 0.96875 0.7796875 0.0625 0.140625
1 0.153125 0.790625 0.1515625 0.1671875
4 0.8375 0.83515625 0.1328125 0.1421875
3 0.3515625 0.940625 0.140625 0.11875
4 0.89609375 0.59296875 0.1375 0.15
3 0.2 0.32734375 0.1421875 0.1734375
1 0.21484375 0.965625 0.1265625 0.06875
2 0.4453125 0.31796875 0.134375 0.1421875
0 0.43203125 0.5125 0.18125 0.2109375
0 0.1640625 0.5609375 0.1765625 0.1953125
0 0.5765625 0.13359375 0.178125 0.1875
0 0.65 0.61953125 0.1484375 0.1890625
2 0.6546875 0.81328125 0.1234375 0.1359375
0 0.48515625 0.81796875 0.18125 0.1921875
4 0.2921875 0.77734375 0.1328125 0.1453125
3 0.64609375 0.38125 0.128125 0.14375
4 0.8703125 0.30078125 0.15 0.1796875
2 0.4046875 0.15 0.134375 0.165625
4 0.06875 0.40390625 0.1375 0.1640625
1 0.77421875 0.11875 0.146875 0.16875