0 0.04296875 0.16015625 0.0859375 0.1890625
0 0.50625 0.6015625 0.14375 0.1875
0 0.83359375 0.3453125 0.1625 0.20625
0 0.12109375 0.68203125 0.171875 0.1828125
4 0.05078125 0.35234375 0.1015625 0.1515625
0 0.33515625 0.51953125 0.1421875 0.15625
3 0.778125 0.709375 0.1375 0.1640625
1 0.9390625 0.7953125 0.121875 0.15
3 0.15703125 0.8734375 0.1484375 0.1546875
1 0.50234375 0.334375 0.1359375 0.1578125
4 0.7203125 0.51640625 0.134375 0.1484375
2 0.61875 0.83671875 0.13125 0.1453125
3 0.3234375 0.1234375 0.1375 0.171875
2 0.16328125 0.14296875 0.115625 0.11875
4 0.76171875 0.12265625 0.146875 0.171875
2 0.1796875 0.33359375 0.1109375 0.125
0 0.30703125 0.71796875 0.1390625 0.153125
4 0.89453125 0.603125 0.1390625 0.159375
3 0.35234375 0.903125 0.1328125 0.1515625
2 0.5703125 0.10546875 0.125 0.128125