0 0.91796875 0.5578125 0.1640625 0.209375
0 0.38984375 0.4109375 0.175 0.2140625
0 0.3265625 0.66796875 0.1703125 0.175
0 0.19921875 0.17265625 0.15625 0.2
4 0.20703125 0.95234375 0.1484375 0.0953125
1 0.7796875 0.3453125 0.1453125 0.1765625
1 0.5859375 0.40859375 0.1421875 0.1734375
1 0.475 0.14765625 0.146875 0.159375
0 0.83046875 0.08984375 0.1671875 0.1796875
4 0.7921875 0.83828125 0.153125 0.1609375
0 0.946875 0.78671875 0.10625 0.1953125
4 0.14765625 0.596875 0.14375 0.1625
1 0.60078125 0.64609375 0.1484375 0.165625
4 0.06328125 0.40859375 0.1265625 0.1671875
3 0.415625 0.91796875 0.13125 0.1375
1 0.184375 0.775 0.1375 0.165625
4 0.6203125 0.08046875 0.1390625 0.15
4 0.221875 0.38984375 0.1265625 0.1484375
3 0.8 0.63125 0.1578125 0.184375
4 0.60390625 0.91796875 0.1515625 0.15625