1 0.42109375 0.52109375 0.1453125 0.1625
1 0.91328125 0.44140625 0.1421875 0.165625
1 0.43828125 0.7484375 0.1296875 0.1609375
3 0.315625 0.3546875 0.1390625 0.1671875
1 0.553125 0.93046875 0.125 0.1390625
1 0.10625 0.18984375 0.13125 0.153125
3 0.8875 0.2484375 0.1390625 0.159375
3 0.7 0.771875 0.125 0.1625
2 0.4546875 0.171875 0.140625 0.1390625
3 0.64609375 0.209375 0.1265625 0.1609375
2 0.1515625 0.39375 0.134375 0.153125
3 0.17421875 0.95234375 0.1328125 0.0953125
2 0.9375 0.83984375 0.125 0.1421875
2 0.2890625 0.85 0.1390625 0.1640625
4 0.134375 0.6265625 0.1578125 0.1890625
0 0.59765625 0.48671875 0.134375 0.18125
4 0.790625 0.0796875 0.140625 0.159375
2 0.2875 0.14921875 0.1203125 0.1515625
4 0.76015625 0.403125 0.140625 0.178125
1 0.81953125 0.6265625 0.14375 0.1546875