1 0.925 0.8765625 0.12421875 0.16015625
3 0.65859375 0.55078125 0.103125 0.13125
3 0.4984375 0.81953125 0.12578125 0.1421875
2 0.765625 0.13125 0.11796875 0.12890625
2 0.5453125 0.16015625 0.1125 0.128125
2 0.66953125 0.73515625 0.10390625 0.13359375
2 0.75625 0.31328125 0.12109375 0.12421875
2 0.928125 0.4734375 0.10859375 0.1375
0 0.3421875 0.55859375 0.14921875 0.178125
2 0.0953125 0.87109375 0.1125 0.13828125
0 0.14453125 0.66484375 0.1171875 0.18359375
2 0.2359375 0.84296875 0.10546875 0.13828125
2 0.928125 0.221875 0.09140625 0.1234375
2 0.765625 0.93203125 0.1078125 0.13515625
0 0.89453125 0.66171875 0.14765625 0.16171875
4 0.28515625 0.32890625 0.1203125 0.1484375
3 0.1609375 0.4109375 0.10703125 0.11875
4 0.37734375 0.1671875 0.11484375 0.14453125
4 0.48984375 0.50859375 0.09921875 0.1296875
4 0.22421875 0.15234375 0.109375 0.12109375