0 0.4375 0.0609375 0.1375 0.121875
0 0.31875 0.51015625 0.153125 0.2078125
0 0.38359375 0.7984375 0.190625 0.2109375
0 0.3609375 0.2765625 0.1515625 0.1625
0 0.5859375 0.096875 0.1515625 0.1875
0 0.2375 0.08046875 0.13125 0.15625
0 0.65390625 0.91953125 0.1796875 0.1609375
1 0.8953125 0.51171875 0.14375 0.1609375
3 0.5453125 0.615625 0.1453125 0.178125
0 0.25859375 0.71875 0.1515625 0.1734375
1 0.1875 0.33125 0.1421875 0.1640625
1 0.12890625 0.55546875 0.1296875 0.1640625
3 0.84453125 0.94296875 0.1421875 0.1140625
3 0.06953125 0.75625 0.1390625 0.15625
2 0.7203125 0.51640625 0.1375 0.1515625
4 0.85390625 0.74921875 0.146875 0.16875
4 0.571875 0.42734375 0.1578125 0.165625
3 0.89921875 0.17734375 0.1390625 0.1578125
3 0.74375 0.1546875 0.140625 0.1546875
2 0.6796875 0.73515625 0.1265625 0.1640625