1 0.56015625 0.35 0.10859375 0.1296875
1 0.4890625 0.1046875 0.1046875 0.13046875
0 0.50703125 0.59140625 0.11328125 0.159375
0 0.35078125 0.5796875 0.1140625 0.14453125
3 0.696875 0.12265625 0.09140625 0.121875
0 0.59609375 0.925 0.11953125 0.14296875
0 0.37265625 0.325 0.13359375 0.14453125
4 0.3203125 0.1578125 0.11953125 0.12890625
4 0.69375 0.70703125 0.12421875 0.13046875
1 0.15703125 0.18828125 0.11953125 0.15
3 0.09140625 0.8828125 0.11171875 0.15546875
4 0.2484375 0.390625 0.11171875 0.15390625
4 0.196875 0.61875 0.11953125 0.153125
4 0.8984375 0.21875 0.1171875 0.14921875
3 0.890625 0.91484375 0.11796875 0.1359375
0 0.89375 0.68515625 0.10390625 0.159375
1 0.79453125 0.43125 0.10546875 0.13984375
1 0.3359375 0.84453125 0.11796875 0.15546875
1 0.1015625 0.39765625 0.09921875 0.12421875
4 0.7328125 0.9 0.1203125 0.17734375