0 0.521875 0.58984375 0.1296875 0.1859375
0 0.47265625 0.090625 0.1421875 0.15625
0 0.06484375 0.38203125 0.1296875 0.1671875
0 0.89375 0.23359375 0.140625 0.1796875
1 0.24296875 0.41796875 0.1375 0.1484375
1 0.8953125 0.47734375 0.125 0.159375
3 0.89765625 0.87890625 0.1265625 0.1609375
3 0.05390625 0.1234375 0.1078125 0.159375
3 0.3125 0.16328125 0.121875 0.14375
1 0.87109375 0.665625 0.1421875 0.159375
1 0.65859375 0.43671875 0.125 0.146875
1 0.83203125 0.06015625 0.1296875 0.1203125
1 0.07265625 0.63125 0.1234375 0.15625
4 0.70390625 0.73203125 0.1375 0.153125
3 0.10546875 0.82578125 0.121875 0.1484375
2 0.40703125 0.3546875 0.1 0.1109375
1 0.5015625 0.8078125 0.134375 0.1546875
2 0.26484375 0.84765625 0.121875 0.1515625
1 0.359375 0.5640625 0.1140625 0.134375
2 0.703125 0.190625 0.10625 0.1265625