1 0.45859375 0.1421875 0.11875 0.1453125
3 0.640625 0.1484375 0.109375 0.1359375
1 0.40546875 0.91640625 0.1296875 0.165625
0 0.9046875 0.65703125 0.1578125 0.1921875
0 0.6875 0.33515625 0.1359375 0.15625
0 0.74375 0.540625 0.1515625 0.153125
2 0.8859375 0.26171875 0.1171875 0.1265625
2 0.89609375 0.44609375 0.1 0.1265625
2 0.12421875 0.50546875 0.1 0.13125
2 0.25 0.9140625 0.1234375 0.1390625
2 0.3 0.4625 0.1171875 0.1453125
0 0.32265625 0.69453125 0.1359375 0.178125
2 0.9359375 0.88203125 0.1203125 0.140625
0 0.4828125 0.6953125 0.1359375 0.1703125
3 0.2828125 0.16796875 0.115625 0.1375
2 0.1609375 0.7 0.1125 0.1203125
3 0.534375 0.340625 0.1078125 0.11875
4 0.5734375 0.875 0.1234375 0.14375
2 0.06640625 0.240625 0.128125 0.1703125
4 0.71875 0.765625 0.1171875 0.1328125