0 0.6734375 0.68125 0.1125 0.153125
0 0.5875 0.23671875 0.1421875 0.146875
0 0.3953125 0.3640625 0.1234375 0.175
0 0.60390625 0.45078125 0.1640625 0.1875
0 0.8890625 0.14453125 0.1328125 0.175
0 0.43515625 0.1375 0.1109375 0.165625
4 0.4515625 0.903125 0.134375 0.1453125
1 0.8109375 0.63515625 0.1078125 0.125
4 0.60390625 0.8734375 0.125 0.146875
3 0.90625 0.31796875 0.1359375 0.1515625
1 0.2375 0.428125 0.1203125 0.1578125
1 0.15078125 0.696875 0.1234375 0.159375
3 0.81796875 0.8265625 0.1234375 0.1390625
1 0.94921875 0.53046875 0.1015625 0.1421875
1 0.10234375 0.4765625 0.1171875 0.1453125
1 0.72109375 0.21875 0.1375 0.171875
4 0.284375 0.921875 0.13125 0.15625
1 0.40625 0.59375 0.109375 0.1265625
2 0.1625 0.18984375 0.13125 0.1484375
3 0.12421875 0.93203125 0.1140625 0.1234375