0 0.3359375 0.85 0.1578125 0.209375
0 0.81484375 0.91015625 0.1703125 0.1796875
0 0.83984375 0.72578125 0.1640625 0.1875
2 0.7375 0.45546875 0.115625 0.125
4 0.1703125 0.76484375 0.1484375 0.16875
1 0.66640625 0.8953125 0.140625 0.1546875
0 0.590625 0.084375 0.1625 0.165625
1 0.9328125 0.31796875 0.134375 0.1828125
2 0.66796875 0.6984375 0.115625 0.1234375
4 0.0453125 0.72109375 0.090625 0.1859375
2 0.5890625 0.30234375 0.1265625 0.134375
2 0.90703125 0.50703125 0.1484375 0.1796875
2 0.478125 0.86875 0.134375 0.153125
1 0.5234375 0.53203125 0.1375 0.1671875
4 0.17109375 0.434375 0.1625 0.1859375
2 0.384375 0.33671875 0.134375 0.1609375
1 0.35625 0.53828125 0.1375 0.1671875
3 0.80546875 0.16640625 0.140625 0.16875
2 0.2359375 0.09375 0.128125 0.15
4 0.39765625 0.0953125 0.15 0.1671875