0 0.23046875 0.36328125 0.134375 0.1875
4 0.8296875 0.30234375 0.1328125 0.1578125
3 0.240625 0.15078125 0.1125 0.13125
4 0.071875 0.49453125 0.115625 0.1375
1 0.08515625 0.6546875 0.128125 0.14375
1 0.39453125 0.6734375 0.1140625 0.153125
1 0.625 0.74375 0.10625 0.128125
2 0.39609375 0.46328125 0.0984375 0.1171875
1 0.40390625 0.9046875 0.125 0.1546875
4 0.23671875 0.6609375 0.121875 0.1453125
2 0.24453125 0.8546875 0.11875 0.1296875
3 0.38984375 0.1546875 0.109375 0.13125
4 0.83984375 0.87578125 0.1234375 0.1421875
2 0.83203125 0.10234375 0.1109375 0.1296875
2 0.56875 0.54296875 0.11875 0.121875
3 0.6125 0.12890625 0.11875 0.15
2 0.5921875 0.29453125 0.115625 0.109375
4 0.09140625 0.90390625 0.1 0.1234375
2 0.7765625 0.55390625 0.1203125 0.1390625
2 0.08671875 0.1375 0.121875 0.153125