1 0.39140625 0.47265625 0.109375 0.128125
0 0.8234375 0.26015625 0.134375 0.15
3 0.50078125 0.66015625 0.1109375 0.13125
2 0.44921875 0.88828125 0.0984375 0.1109375
2 0.66484375 0.6625 0.1078125 0.109375
2 0.3 0.8890625 0.0984375 0.1140625
2 0.7171875 0.45859375 0.1234375 0.13125
2 0.165625 0.45078125 0.1109375 0.1328125
2 0.7328125 0.8578125 0.1046875 0.1078125
0 0.4578125 0.2828125 0.1453125 0.178125
4 0.14921875 0.6421875 0.121875 0.1484375
0 0.90390625 0.53515625 0.128125 0.1484375
3 0.578125 0.9 0.121875 0.146875
4 0.95390625 0.90703125 0.0921875 0.1296875
2 0.14296875 0.8890625 0.103125 0.1328125
4 0.6109375 0.28359375 0.14375 0.15625
3 0.0859375 0.14609375 0.121875 0.1390625
4 0.3203125 0.67109375 0.115625 0.1421875
2 0.90546875 0.728125 0.1078125 0.1421875
1 0.24375 0.23046875 0.11875 0.1546875