1 0.1625 0.91640625 0.146875 0.1671875
1 0.54375 0.43984375 0.1421875 0.16875
1 0.85390625 0.8390625 0.15625 0.16875
0 0.74921875 0.640625 0.1828125 0.2125
0 0.671875 0.1296875 0.165625 0.209375
0 0.0828125 0.4375 0.1515625 0.159375
4 0.5203125 0.20078125 0.1484375 0.1640625
3 0.33515625 0.41953125 0.1421875 0.153125
2 0.3375 0.94375 0.1375 0.1125
4 0.4984375 0.91484375 0.1265625 0.1484375
4 0.553125 0.71015625 0.1421875 0.1578125
4 0.06796875 0.240625 0.1359375 0.16875
2 0.68984375 0.89453125 0.1171875 0.1265625
4 0.14453125 0.6390625 0.1265625 0.15
4 0.31484375 0.65390625 0.128125 0.140625
2 0.2921875 0.16953125 0.1515625 0.171875
3 0.665625 0.35859375 0.1375 0.1453125
4 0.85859375 0.3609375 0.140625 0.165625
4 0.81484375 0.096875 0.146875 0.1703125
4 0.9484375 0.671875 0.103125 0.146875