0 0.40234375 0.22578125 0.13828125 0.1609375
0 0.884375 0.73046875 0.11484375 0.1359375
0 0.9234375 0.9125 0.125 0.1640625
0 0.69609375 0.53125 0.109375 0.17578125
4 0.33515625 0.81484375 0.1125 0.1328125
4 0.5765625 0.27265625 0.11171875 0.14453125
4 0.165625 0.7765625 0.1296875 0.13359375
1 0.1 0.41875 0.10234375 0.11953125
3 0.740625 0.7328125 0.12109375 0.13125
4 0.16796875 0.1359375 0.1125 0.1375
3 0.5703125 0.503125 0.1140625 0.13359375
1 0.7578125 0.9359375 0.115625 0.128125
3 0.25 0.52578125 0.11953125 0.134375
4 0.428125 0.534375 0.10859375 0.14765625
4 0.5296875 0.921875 0.109375 0.11796875
3 0.23203125 0.33203125 0.121875 0.14609375
2 0.9078125 0.1921875 0.0984375 0.121875
2 0.75078125 0.21875 0.10625 0.13203125
4 0.9125 0.49375 0.12890625 0.1484375
2 0.51015625 0.72578125 0.10625 0.14296875