0 0.35078125 0.20390625 0.13203125 0.1421875
0 0.678125 0.2421875 0.11796875 0.1703125
0 0.325 0.69453125 0.09921875 0.16796875
0 0.521875 0.72734375 0.13828125 0.1859375
1 0.11015625 0.73671875 0.11484375 0.13515625
0 0.62734375 0.478125 0.13671875 0.134375
0 0.346875 0.8953125 0.13515625 0.1390625
1 0.1921875 0.17734375 0.11171875 0.1328125
3 0.76875 0.45625 0.121875 0.15546875
4 0.7359375 0.89140625 0.11484375 0.1421875
2 0.88125 0.86640625 0.11875 0.1171875
1 0.16015625 0.92421875 0.11171875 0.1390625
2 0.17109375 0.3796875 0.1234375 0.1484375
3 0.6609375 0.65625 0.1125 0.1421875
0 0.5828125 0.89375 0.13203125 0.1421875
4 0.9171875 0.16015625 0.10234375 0.13125
3 0.92265625 0.375 0.1140625 0.16953125
2 0.8421875 0.659375 0.1109375 0.12890625
2 0.52265625 0.10546875 0.10234375 0.134375
2 0.35078125 0.51171875 0.1015625 0.1265625