0 0.721875 0.62578125 0.15625 0.1546875
0 0.9359375 0.590625 0.128125 0.1453125
0 0.484375 0.88125 0.11875 0.1390625
1 0.915625 0.834375 0.128125 0.1515625
0 0.28046875 0.89375 0.128125 0.1515625
0 0.54765625 0.44140625 0.1171875 0.1578125
2 0.1453125 0.4265625 0.103125 0.1046875
2 0.56875 0.21328125 0.1125 0.134375
0 0.48125 0.665625 0.1453125 0.19375
0 0.884375 0.32421875 0.14375 0.184375
0 0.41328125 0.35390625 0.1234375 0.1421875
0 0.70390625 0.37890625 0.134375 0.1421875
4 0.2015625 0.2234375 0.125 0.140625
0 0.91640625 0.12421875 0.1453125 0.1578125
3 0.4046875 0.1296875 0.1125 0.1484375
3 0.11328125 0.90078125 0.103125 0.1375
4 0.74296875 0.1140625 0.1140625 0.1546875
4 0.32578125 0.696875 0.1171875 0.146875
1 0.73125 0.846875 0.115625 0.1515625
3 0.11796875 0.67265625 0.128125 0.1421875