1 0.415625 0.29296875 0.1125 0.1375
0 0.1734375 0.89140625 0.153125 0.1890625
0 0.21328125 0.32109375 0.15625 0.1703125
2 0.42890625 0.5109375 0.109375 0.1171875
2 0.790625 0.33046875 0.103125 0.1109375
4 0.36171875 0.884375 0.121875 0.128125
0 0.63359375 0.3546875 0.1421875 0.1859375
0 0.7515625 0.1375 0.13125 0.1453125
3 0.1125 0.65859375 0.1171875 0.153125
3 0.75625 0.86328125 0.11875 0.1390625
0 0.44765625 0.6953125 0.1484375 0.184375
4 0.61484375 0.15234375 0.1078125 0.125
4 0.92890625 0.140625 0.1078125 0.1265625
0 0.934375 0.86171875 0.13125 0.1765625
0 0.42734375 0.0875 0.1375 0.165625
4 0.6375 0.70625 0.1109375 0.1453125
4 0.271875 0.5953125 0.11875 0.14375
4 0.2 0.1046875 0.1265625 0.1328125
4 0.93359375 0.33359375 0.1125 0.1265625
1 0.8125 0.57890625 0.121875 0.1578125