0 0.49140625 0.19609375 0.1796875 0.2140625
0 0.33515625 0.66953125 0.1515625 0.1796875
0 0.2078125 0.4046875 0.171875 0.1953125
0 0.8375 0.7125 0.1609375 0.2046875
0 0.125 0.6703125 0.1703125 0.1828125
3 0.5125 0.8296875 0.146875 0.1640625
1 0.621875 0.38828125 0.1609375 0.1671875
1 0.34375 0.84921875 0.13125 0.15
1 0.2046875 0.94140625 0.128125 0.1171875
1 0.66953125 0.6421875 0.146875 0.1640625
4 0.965625 0.6828125 0.06875 0.146875
1 0.05234375 0.25390625 0.1046875 0.1734375
4 0.35390625 0.2875 0.15 0.1640625
4 0.07109375 0.4515625 0.1421875 0.153125
3 0.459375 0.5 0.1453125 0.1625
2 0.79921875 0.28359375 0.128125 0.1421875
4 0.90703125 0.4921875 0.146875 0.159375
3 0.63984375 0.10234375 0.140625 0.146875
1 0.1875 0.16015625 0.14375 0.1671875
0 0.76796875 0.06015625 0.1390625 0.1203125