0 0.059375 0.6734375 0.11875 0.19375
0 0.16328125 0.4859375 0.1828125 0.2015625
0 0.8140625 0.9453125 0.15 0.109375
3 0.82265625 0.1359375 0.1453125 0.1578125
4 0.4421875 0.88515625 0.13125 0.15625
3 0.4078125 0.6125 0.15 0.1828125
4 0.6875 0.8578125 0.15625 0.171875
4 0.6015625 0.33046875 0.1625 0.1671875
3 0.55703125 0.62421875 0.15625 0.184375
3 0.1984375 0.053125 0.146875 0.10625
4 0.7703125 0.34375 0.15 0.171875
2 0.27578125 0.27421875 0.121875 0.13125
2 0.590625 0.078125 0.1140625 0.1328125
2 0.18984375 0.7359375 0.1203125 0.1359375
2 0.375 0.084375 0.1296875 0.1609375
1 0.95390625 0.16328125 0.0921875 0.1390625
2 0.92578125 0.3984375 0.1390625 0.15625
2 0.859375 0.7484375 0.146875 0.1625
4 0.43515625 0.37734375 0.153125 0.171875
4 0.7328125 0.5625 0.1515625 0.1640625