0 0.6265625 0.3375 0.1328125 0.1875
2 0.91875 0.15859375 0.10078125 0.12578125
4 0.88203125 0.87734375 0.1375 0.16328125
3 0.83515625 0.63828125 0.115625 0.1390625
3 0.246875 0.875 0.1296875 0.13671875
3 0.58359375 0.584375 0.1125 0.1484375
4 0.48515625 0.19453125 0.121875 0.146875
4 0.65625 0.11640625 0.1140625 0.1390625
3 0.1359375 0.4265625 0.11328125 0.13359375
4 0.8359375 0.3609375 0.11484375 0.1390625
2 0.33359375 0.3921875 0.10546875 0.12578125
2 0.2828125 0.17421875 0.10390625 0.1296875
2 0.584375 0.82109375 0.115625 0.13671875
2 0.45625 0.3921875 0.1046875 0.13671875
1 0.21015625 0.69453125 0.115625 0.14140625
4 0.7234375 0.84609375 0.11171875 0.13203125
2 0.1046875 0.203125 0.11875 0.1359375
2 0.3984375 0.8859375 0.115625 0.1484375
1 0.09453125 0.903125 0.12109375 0.1421875
4 0.3765625 0.64765625 0.10390625 0.125