0 0.90078125 0.53984375 0.14296875 0.17421875
3 0.628125 0.3546875 0.12265625 0.15078125
0 0.4578125 0.63984375 0.11640625 0.1625
4 0.10546875 0.7140625 0.11953125 0.14140625
4 0.2609375 0.14453125 0.11796875 0.14375
0 0.27109375 0.61171875 0.14140625 0.17421875
3 0.73046875 0.1328125 0.11875 0.13359375
3 0.86328125 0.7671875 0.11953125 0.165625
3 0.1671875 0.4109375 0.11796875 0.14609375
2 0.90625 0.1296875 0.09609375 0.10625
3 0.7203125 0.871875 0.1171875 0.14453125
4 0.4125 0.18046875 0.11171875 0.1359375
2 0.10546875 0.20546875 0.10390625 0.13671875
1 0.384375 0.8734375 0.11328125 0.14453125
3 0.628125 0.69609375 0.1140625 0.134375
2 0.57890625 0.13828125 0.1109375 0.14765625
2 0.52734375 0.9265625 0.10625 0.12734375
4 0.83359375 0.34921875 0.11796875 0.13515625
2 0.3625 0.371875 0.11640625 0.1359375
2 0.13359375 0.91875 0.1140625 0.1328125