1 0.30703125 0.3828125 0.1390625 0.1578125
0 0.62578125 0.09375 0.1734375 0.1875
1 0.2234375 0.9703125 0.13125 0.059375
0 0.8375 0.11796875 0.1828125 0.209375
0 0.45390625 0.1609375 0.1640625 0.19375
0 0.30390625 0.2015625 0.153125 0.1734375
3 0.48125 0.33984375 0.134375 0.1515625
2 0.93515625 0.5515625 0.1296875 0.165625
3 0.6796875 0.2890625 0.1359375 0.1546875
2 0.865625 0.3421875 0.1515625 0.159375
0 0.4265625 0.596875 0.1890625 0.215625
0 0.06640625 0.23359375 0.1328125 0.1921875
1 0.56796875 0.90390625 0.14375 0.15625
3 0.1328125 0.70703125 0.1546875 0.178125
4 0.80234375 0.8515625 0.1515625 0.16875
1 0.7109375 0.51953125 0.1375 0.1609375
4 0.359375 0.84921875 0.15625 0.1796875
3 0.11171875 0.4765625 0.1390625 0.1453125