0 0.275 0.54765625 0.1390625 0.171875
0 0.1140625 0.28046875 0.13046875 0.140625
0 0.5359375 0.0921875 0.11796875 0.1609375
0 0.31015625 0.790625 0.12890625 0.19453125
0 0.7765625 0.65078125 0.1375 0.1703125
1 0.784375 0.89140625 0.1 0.13984375
2 0.71796875 0.125 0.096875 0.1296875
1 0.9234375 0.87578125 0.11796875 0.13515625
1 0.86875 0.13984375 0.13046875 0.1578125
4 0.5921875 0.86640625 0.125 0.140625
1 0.43203125 0.346875 0.1125 0.13515625
3 0.9421875 0.7109375 0.11484375 0.153125
3 0.09765625 0.46484375 0.10234375 0.134375
4 0.3125 0.1375 0.12265625 0.14453125
2 0.12109375 0.65625 0.103125 0.13984375
2 0.49296875 0.59921875 0.12109375 0.1609375
2 0.15078125 0.89765625 0.109375 0.134375
1 0.93046875 0.3421875 0.1125 0.12890625
1 0.28203125 0.3609375 0.1203125 0.15078125
2 0.66796875 0.434375 0.1046875 0.12421875