1 0.903125 0.6875 0.1375 0.1546875
1 0.3796875 0.8796875 0.1296875 0.15
2 0.3734375 0.6796875 0.121875 0.1359375
0 0.753125 0.42734375 0.1609375 0.1734375
1 0.321875 0.4375 0.1421875 0.1625
3 0.1234375 0.4578125 0.140625 0.159375
2 0.7234375 0.71953125 0.1453125 0.15625
2 0.83203125 0.9296875 0.13125 0.140625
2 0.5828125 0.93046875 0.13125 0.1390625
2 0.5578125 0.475 0.1625 0.1796875
3 0.03046875 0.79140625 0.0609375 0.1421875
2 0.196875 0.8 0.125 0.1484375
0 0.3328125 0.09765625 0.171875 0.1953125
4 0.7546875 0.23984375 0.15 0.1734375
4 0.89453125 0.21875 0.14375 0.1609375
4 0.58828125 0.190625 0.153125 0.16875
4 0.55625 0.67109375 0.1328125 0.1421875
1 0.92890625 0.41171875 0.1421875 0.1515625
1 0.17578125 0.0703125 0.1359375 0.140625
3 0.21171875 0.2890625 0.125 0.1265625