1 0.3 0.91640625 0.12109375 0.15703125
0 0.11796875 0.80390625 0.14140625 0.1546875
0 0.51953125 0.8859375 0.15234375 0.175
2 0.4578125 0.115625 0.1078125 0.11484375
2 0.32421875 0.5859375 0.1078125 0.13046875
0 0.896875 0.68828125 0.14375 0.19765625
0 0.90546875 0.921875 0.11640625 0.1453125
2 0.92578125 0.4765625 0.11015625 0.13984375
3 0.72109375 0.88671875 0.10625 0.13125
3 0.62890625 0.64140625 0.1015625 0.11640625
0 0.1734375 0.3828125 0.11640625 0.1359375
0 0.3375 0.35078125 0.12109375 0.1421875
4 0.4734375 0.603125 0.11171875 0.14375
3 0.8640625 0.2296875 0.1140625 0.146875
2 0.31171875 0.14765625 0.09921875 0.128125
0 0.48828125 0.409375 0.134375 0.13828125
4 0.6546875 0.15390625 0.1171875 0.1359375
4 0.13828125 0.5640625 0.1328125 0.14609375
1 0.1421875 0.16640625 0.12109375 0.16015625
1 0.71796875 0.43125 0.10234375 0.1390625