1 0.26328125 0.84921875 0.15 0.16875
2 0.61796875 0.4265625 0.134375 0.1453125
0 0.578125 0.1796875 0.175 0.2078125
0 0.45703125 0.4859375 0.1640625 0.18125
0 0.190625 0.1109375 0.184375 0.2078125
0 0.56640625 0.71171875 0.1765625 0.1984375
2 0.75546875 0.5328125 0.1203125 0.1484375
0 0.2046875 0.3328125 0.153125 0.1609375
0 0.93828125 0.1859375 0.1234375 0.2
0 0.44921875 0.07421875 0.1703125 0.1484375
3 0.3796875 0.259375 0.1125 0.1390625
0 0.41875 0.6640625 0.153125 0.1859375
2 0.07578125 0.49609375 0.1125 0.134375
0 0.790625 0.8921875 0.184375 0.1984375
2 0.8703125 0.3734375 0.1375 0.16875
4 0.55546875 0.90234375 0.1453125 0.159375
1 0.21484375 0.64375 0.1328125 0.15625
3 0.76953125 0.1609375 0.13125 0.1453125
0 0.071875 0.71484375 0.14375 0.1828125
4 0.87890625 0.66328125 0.15 0.1796875