1 0.26953125 0.65 0.1515625 0.1578125
1 0.55390625 0.83203125 0.1359375 0.146875
2 0.2984375 0.1296875 0.1234375 0.1328125
0 0.48671875 0.14453125 0.1640625 0.1796875
0 0.14375 0.80546875 0.1578125 0.1625
0 0.0796875 0.5140625 0.159375 0.190625
2 0.52265625 0.32734375 0.11875 0.1359375
0 0.87578125 0.30078125 0.1765625 0.2
4 0.3953125 0.8515625 0.1390625 0.165625
4 0.70234375 0.5515625 0.1421875 0.1625
0 0.71796875 0.2671875 0.1375 0.18125
4 0.8671875 0.58203125 0.15625 0.1734375
4 0.82890625 0.0734375 0.1359375 0.146875
4 0.74765625 0.75546875 0.153125 0.1765625
2 0.1484375 0.9671875 0.134375 0.065625
1 0.92109375 0.80859375 0.15 0.1765625
4 0.671875 0.08046875 0.15625 0.1609375
4 0.08828125 0.3296875 0.1390625 0.165625
4 0.2703125 0.39609375 0.1328125 0.1515625
1 0.546875 0.59375 0.1375 0.1625