0 0.24609375 0.70078125 0.1390625 0.1765625
0 0.1015625 0.48671875 0.14375 0.15625
0 0.07734375 0.6796875 0.1421875 0.16875
3 0.85546875 0.6421875 0.13125 0.16875
4 0.6796875 0.4421875 0.115625 0.1265625
0 0.540625 0.3953125 0.1546875 0.165625
4 0.4375 0.5546875 0.109375 0.1234375
1 0.33671875 0.0703125 0.1265625 0.140625
4 0.653125 0.15625 0.134375 0.1359375
1 0.06171875 0.865625 0.11875 0.1390625
2 0.4109375 0.78984375 0.1171875 0.1515625
1 0.15546875 0.24296875 0.1171875 0.1640625
1 0.2984375 0.51328125 0.115625 0.1515625
4 0.91875 0.1421875 0.10625 0.134375
2 0.08125 0.06875 0.1 0.13125
2 0.85078125 0.371875 0.1078125 0.1390625
1 0.68046875 0.6296875 0.121875 0.134375
1 0.7609375 0.85390625 0.1203125 0.1375
4 0.3640625 0.271875 0.125 0.171875
4 0.60078125 0.80703125 0.115625 0.1375