0 0.10859375 0.35390625 0.13046875 0.14453125
0 0.1546875 0.5734375 0.11640625 0.1765625
1 0.2703125 0.37109375 0.1046875 0.1453125
0 0.540625 0.5703125 0.12109375 0.1453125
0 0.89921875 0.22578125 0.1234375 0.1484375
4 0.6875 0.1453125 0.12734375 0.14453125
1 0.40703125 0.85546875 0.109375 0.13515625
1 0.10703125 0.1703125 0.11640625 0.12890625
2 0.4125 0.15703125 0.08671875 0.1140625
2 0.74453125 0.88984375 0.09609375 0.13671875
2 0.20859375 0.7859375 0.09453125 0.11171875
4 0.43359375 0.36640625 0.1203125 0.15546875
4 0.76171875 0.7203125 0.10546875 0.1234375
3 0.68515625 0.49765625 0.10859375 0.14453125
1 0.37578125 0.6640625 0.10078125 0.128125
4 0.94765625 0.51484375 0.1046875 0.14296875
4 0.2609375 0.13671875 0.1 0.13671875
3 0.61015625 0.85859375 0.1078125 0.11953125
3 0.90625 0.8203125 0.10703125 0.13515625
4 0.58359375 0.31640625 0.11484375 0.128125