1 0.475 0.340625 0.134375 0.1515625
1 0.59921875 0.1171875 0.13125 0.15
0 0.47265625 0.5875 0.146875 0.18125
0 0.62734375 0.6109375 0.14375 0.1671875
3 0.39296875 0.08828125 0.1171875 0.1390625
0 0.3109375 0.8921875 0.1484375 0.165625
0 0.66328125 0.3578125 0.1625 0.1703125
4 0.75234375 0.20703125 0.1453125 0.153125
4 0.26484375 0.6578125 0.15 0.1546875
1 0.9046875 0.2734375 0.15 0.1734375
3 0.8109375 0.93828125 0.14375 0.1234375
4 0.76953125 0.45 0.14375 0.175
4 0.76875 0.68359375 0.1515625 0.1765625
4 0.175 0.13671875 0.1484375 0.171875
3 0.04921875 0.815625 0.0984375 0.159375
0 0.075 0.5921875 0.1375 0.178125
1 0.228125 0.36640625 0.134375 0.159375
1 0.58203125 0.87265625 0.15 0.178125
1 0.9109375 0.48984375 0.125 0.14375
4 0.1828125 0.8375 0.1578125 0.2