0 0.23359375 0.12890625 0.11640625 0.178125
0 0.68359375 0.45703125 0.15234375 0.171875
3 0.4765625 0.13125 0.109375 0.1234375
4 0.47890625 0.7015625 0.103125 0.11484375
4 0.50625 0.55 0.1125 0.13125
4 0.9328125 0.92421875 0.10703125 0.12890625
1 0.3453125 0.86953125 0.10703125 0.13671875
3 0.06875 0.2953125 0.12109375 0.13515625
4 0.2109375 0.5375 0.11796875 0.1390625
3 0.1078125 0.8328125 0.10703125 0.1421875
0 0.8453125 0.50078125 0.14296875 0.14921875
4 0.24453125 0.31328125 0.12734375 0.1546875
1 0.75625 0.91953125 0.103125 0.14296875
3 0.65859375 0.25234375 0.11171875 0.146875
1 0.53671875 0.90234375 0.12421875 0.15546875
2 0.096875 0.1234375 0.1125 0.12890625
2 0.66328125 0.7046875 0.11640625 0.1453125
2 0.83515625 0.15859375 0.10625 0.1390625
2 0.89140625 0.703125 0.10859375 0.140625
4 0.46171875 0.33984375 0.11953125 0.16171875