0 0.21796875 0.63984375 0.1265625 0.1671875
0 0.903125 0.11640625 0.1078125 0.13671875
0 0.75234375 0.69453125 0.1109375 0.17109375
0 0.93359375 0.35078125 0.121875 0.18046875
2 0.9375 0.9234375 0.08984375 0.11171875
0 0.20078125 0.18671875 0.12890625 0.18359375
0 0.41328125 0.75625 0.13671875 0.1890625
2 0.5625 0.14609375 0.0859375 0.1
1 0.25 0.9015625 0.1015625 0.1375
3 0.38984375 0.1984375 0.1140625 0.14921875
1 0.109375 0.91640625 0.10859375 0.14296875
3 0.94140625 0.559375 0.109375 0.1171875
4 0.61328125 0.73671875 0.11875 0.140625
4 0.340625 0.42578125 0.1140625 0.134375
4 0.60078125 0.540625 0.10625 0.11640625
3 0.59609375 0.36953125 0.10234375 0.13515625
2 0.7703125 0.2421875 0.1109375 0.13515625
4 0.74921875 0.4765625 0.11953125 0.14375
1 0.08984375 0.40546875 0.11328125 0.13671875
2 0.78671875 0.90703125 0.07734375 0.13046875