1 0.41015625 0.25234375 0.1265625 0.1484375
0 0.84609375 0.76484375 0.171875 0.20625
0 0.18828125 0.19140625 0.159375 0.1890625
3 0.89296875 0.29765625 0.1171875 0.1515625
3 0.58046875 0.35625 0.121875 0.14375
0 0.71640625 0.56875 0.15 0.1734375
1 0.20703125 0.85390625 0.121875 0.153125
3 0.36171875 0.86484375 0.1328125 0.1296875
2 0.45234375 0.53515625 0.121875 0.1515625
2 0.27734375 0.63984375 0.1140625 0.14375
3 0.66328125 0.85546875 0.125 0.140625
4 0.521875 0.70703125 0.1171875 0.140625
4 0.11953125 0.66328125 0.1125 0.1328125
2 0.06328125 0.4015625 0.1046875 0.1125
0 0.2421875 0.36171875 0.1640625 0.1859375
2 0.875 0.07734375 0.115625 0.1453125
4 0.86484375 0.56328125 0.1328125 0.1640625
2 0.7125 0.128125 0.1171875 0.15
2 0.57109375 0.15625 0.1078125 0.121875
4 0.72265625 0.30390625 0.1265625 0.15