0 0.6609375 0.115625 0.11640625 0.1671875
0 0.92734375 0.9078125 0.1203125 0.159375
0 0.8109375 0.1078125 0.121875 0.159375
4 0.85234375 0.57265625 0.13828125 0.153125
3 0.45 0.9 0.1265625 0.15625
3 0.7671875 0.77734375 0.121875 0.15234375
3 0.12890625 0.17890625 0.12109375 0.13828125
1 0.37890625 0.68046875 0.11953125 0.14921875
3 0.2765625 0.11640625 0.11953125 0.15546875
1 0.821875 0.3421875 0.12109375 0.153125
2 0.525 0.490625 0.090625 0.115625
4 0.64140625 0.31953125 0.1203125 0.13359375
3 0.69296875 0.50859375 0.13046875 0.13359375
3 0.41015625 0.22578125 0.1078125 0.1359375
2 0.3109375 0.47421875 0.11484375 0.1375
4 0.24921875 0.86875 0.12109375 0.1578125
1 0.59140625 0.8828125 0.12734375 0.15546875
0 0.1078125 0.9109375 0.134375 0.16015625
2 0.1078125 0.68359375 0.12109375 0.14375
2 0.17890625 0.41328125 0.10703125 0.13203125