1 0.54296875 0.55703125 0.11640625 0.15
1 0.37890625 0.9265625 0.10234375 0.1234375
1 0.7125 0.6625 0.11171875 0.13828125
0 0.08515625 0.73125 0.12578125 0.18046875
2 0.95 0.68828125 0.09453125 0.11328125
0 0.496875 0.19921875 0.1328125 0.13203125
3 0.8359375 0.1375 0.10390625 0.1265625
0 0.903125 0.9046875 0.1234375 0.16875
0 0.64921875 0.1171875 0.1453125 0.14375
1 0.18984375 0.55234375 0.10390625 0.12265625
2 0.121875 0.184375 0.1265625 0.134375
4 0.70546875 0.91796875 0.1140625 0.15
2 0.3671875 0.39453125 0.0984375 0.12734375
2 0.50078125 0.371875 0.11015625 0.1359375
3 0.24609375 0.74296875 0.10546875 0.13046875
4 0.51953125 0.84296875 0.10390625 0.1390625
2 0.278125 0.16640625 0.0875 0.1203125
4 0.0796875 0.359375 0.1171875 0.125
0 0.6609375 0.3421875 0.146875 0.16171875