1 0.1828125 0.93125 0.115625 0.1375
0 0.9125 0.61953125 0.1625 0.184375
0 0.5953125 0.11171875 0.13125 0.1375
0 0.51796875 0.384375 0.1265625 0.16875
0 0.8328125 0.15859375 0.134375 0.159375
0 0.9359375 0.81875 0.128125 0.14375
2 0.084375 0.46484375 0.140625 0.1484375
3 0.81015625 0.89140625 0.125 0.1609375
3 0.4734375 0.74296875 0.11875 0.128125
2 0.57265625 0.58046875 0.115625 0.140625
0 0.6671875 0.34765625 0.121875 0.1765625
2 0.6640625 0.9046875 0.13125 0.1484375
4 0.278125 0.3171875 0.1140625 0.140625
2 0.1578125 0.72578125 0.1109375 0.1390625
4 0.3484375 0.81953125 0.1234375 0.1515625
4 0.775 0.6640625 0.1359375 0.1625
2 0.115625 0.26484375 0.13125 0.15625
3 0.9078125 0.43046875 0.125 0.1453125
2 0.33046875 0.5390625 0.1 0.13125
4 0.434375 0.16015625 0.1328125 0.1375