1 0.9359375 0.3671875 0.11796875 0.1328125
1 0.52734375 0.21171875 0.10703125 0.13984375
1 0.21796875 0.61171875 0.1265625 0.15546875
4 0.55390625 0.71875 0.12265625 0.128125
0 0.9171875 0.1265625 0.14609375 0.1578125
4 0.37109375 0.26640625 0.11796875 0.1421875
0 0.71484375 0.11875 0.13671875 0.18828125
2 0.275 0.84453125 0.09609375 0.10625
4 0.5921875 0.909375 0.1046875 0.1078125
4 0.14921875 0.12421875 0.11640625 0.12890625
0 0.425 0.88515625 0.13515625 0.13828125
3 0.83828125 0.775 0.10703125 0.14765625
2 0.55 0.4046875 0.09921875 0.12734375
4 0.728125 0.57421875 0.1328125 0.14765625
0 0.7734375 0.3140625 0.1390625 0.146875
4 0.38125 0.4625 0.12890625 0.15
0 0.9234375 0.56171875 0.13828125 0.15390625
4 0.1859375 0.2859375 0.128125 0.15078125
1 0.38203125 0.6640625 0.1046875 0.140625
3 0.12421875 0.88671875 0.1046875 0.121875