0 0.88671875 0.38203125 0.175 0.2046875
0 0.6015625 0.4609375 0.175 0.2078125
0 0.64609375 0.19453125 0.16875 0.1890625
0 0.9296875 0.675 0.140625 0.15625
0 0.79140625 0.071875 0.1734375 0.14375
0 0.38125 0.79609375 0.1625 0.175
3 0.0875 0.41640625 0.1421875 0.1546875
3 0.23125 0.92578125 0.1375 0.1484375
2 0.4390625 0.47421875 0.1140625 0.125
4 0.56171875 0.875 0.15 0.159375
2 0.75078125 0.45078125 0.1171875 0.1515625
4 0.21171875 0.16875 0.1421875 0.15625
2 0.8109375 0.87109375 0.1203125 0.13125
2 0.78359375 0.6828125 0.121875 0.15
4 0.2609375 0.45078125 0.1515625 0.1609375
3 0.946875 0.84375 0.10625 0.15625
1 0.58046875 0.66875 0.1375 0.1578125
2 0.05703125 0.18515625 0.1140625 0.1609375
2 0.46484375 0.17421875 0.1375 0.15
2 0.1953125 0.68203125 0.1296875 0.1453125