1 0.9046875 0.43828125 0.1109375 0.1328125
1 0.9203125 0.85859375 0.12109375 0.153125
1 0.45078125 0.74765625 0.1078125 0.13671875
1 0.940625 0.24453125 0.103125 0.13359375
0 0.778125 0.903125 0.125 0.1578125
0 0.1875 0.30859375 0.11640625 0.1484375
0 0.7671875 0.35078125 0.1296875 0.14609375
0 0.72890625 0.11953125 0.125 0.125
3 0.52109375 0.54453125 0.1046875 0.1328125
0 0.16640625 0.88125 0.1359375 0.16328125
2 0.61796875 0.85625 0.1109375 0.1453125
4 0.925 0.6453125 0.1109375 0.121875
1 0.578125 0.32265625 0.1171875 0.1546875
4 0.34375 0.31484375 0.12109375 0.1453125
4 0.3109375 0.51953125 0.12109375 0.14375
2 0.4109375 0.125 0.109375 0.15703125
1 0.66484375 0.61875 0.1140625 0.1484375
4 0.16015625 0.11875 0.10625 0.11953125
1 0.11015625 0.509375 0.115625 0.13671875
4 0.5484375 0.13203125 0.1 0.14140625