1 0.590625 0.10078125 0.15 0.171875
1 0.82890625 0.2328125 0.146875 0.171875
1 0.39921875 0.309375 0.1265625 0.1421875
1 0.93046875 0.596875 0.134375 0.1515625
1 0.3109375 0.53515625 0.1359375 0.153125
1 0.23828125 0.125 0.14375 0.15
1 0.9703125 0.2 0.059375 0.146875
0 0.6796875 0.76875 0.1390625 0.1453125
3 0.609375 0.30625 0.1296875 0.14375
0 0.48046875 0.821875 0.1734375 0.18125
0 0.9375 0.39140625 0.125 0.1703125
3 0.0625 0.70546875 0.125 0.1640625
0 0.6359375 0.528125 0.146875 0.1578125
0 0.434375 0.08359375 0.15625 0.1671875
4 0.84140625 0.79140625 0.15 0.1546875
3 0.44609375 0.56796875 0.1421875 0.159375
3 0.7953125 0.94140625 0.134375 0.1171875
2 0.784375 0.5578125 0.1125 0.1328125
4 0.16796875 0.403125 0.146875 0.16875