0 0.8953125 0.3625 0.13359375 0.1640625
0 0.87265625 0.91796875 0.13203125 0.15390625
1 0.10078125 0.62578125 0.11328125 0.140625
0 0.1890625 0.3671875 0.12421875 0.15546875
4 0.20703125 0.86796875 0.10546875 0.11875
1 0.25703125 0.17109375 0.11015625 0.15390625
3 0.73984375 0.2015625 0.10859375 0.13671875
3 0.0921875 0.18515625 0.121875 0.140625
2 0.32890625 0.3921875 0.09921875 0.11171875
1 0.90078125 0.17734375 0.1078125 0.128125
0 0.3859375 0.89453125 0.12109375 0.16796875
3 0.6140625 0.790625 0.11796875 0.13515625
3 0.70390625 0.4375 0.1234375 0.1328125
4 0.5703125 0.5984375 0.09296875 0.11484375
2 0.915625 0.57734375 0.10078125 0.11171875
4 0.415625 0.1046875 0.1140625 0.13203125
2 0.378125 0.60859375 0.10390625 0.128125
4 0.4859375 0.31484375 0.10859375 0.1328125
2 0.58359375 0.121875 0.11640625 0.15234375
4 0.77890625 0.715625 0.11171875 0.13515625