0 0.54296875 0.346875 0.171875 0.2109375
0 0.678125 0.14609375 0.1734375 0.2015625
3 0.8328125 0.9328125 0.14375 0.134375
3 0.53984375 0.69296875 0.1484375 0.165625
3 0.6875 0.91640625 0.146875 0.1671875
2 0.534375 0.08515625 0.1328125 0.1625
1 0.1609375 0.2734375 0.1328125 0.1609375
4 0.0453125 0.76328125 0.090625 0.1515625
4 0.89609375 0.63671875 0.1703125 0.1984375
3 0.20625 0.8546875 0.146875 0.1546875
2 0.70078125 0.72890625 0.1390625 0.146875
4 0.35546875 0.271875 0.153125 0.1703125
2 0.375 0.06171875 0.14375 0.1234375
2 0.190625 0.05390625 0.15625 0.1078125
2 0.9046875 0.4328125 0.146875 0.1609375
4 0.684375 0.48671875 0.14375 0.1625
2 0.84609375 0.17421875 0.13125 0.1515625
1 0.496875 0.88828125 0.15 0.1671875
2 0.309375 0.5375 0.1203125 0.1453125
4 0.140625 0.46640625 0.1421875 0.153125