0 0.27421875 0.85859375 0.1546875 0.1953125
1 0.79140625 0.90546875 0.1171875 0.1453125
0 0.103125 0.08359375 0.140625 0.1671875
0 0.3359375 0.4015625 0.1578125 0.1796875
2 0.1453125 0.56015625 0.1109375 0.1296875
2 0.8671875 0.12890625 0.125 0.1328125
0 0.2875 0.67109375 0.1484375 0.1640625
0 0.4984375 0.4109375 0.121875 0.1734375
2 0.8046875 0.69609375 0.103125 0.1265625
4 0.490625 0.59921875 0.1171875 0.134375
2 0.27578125 0.08671875 0.109375 0.1390625
4 0.73984375 0.446875 0.109375 0.1390625
0 0.896875 0.40078125 0.13125 0.1640625
4 0.0859375 0.81953125 0.1171875 0.1296875
4 0.69921875 0.23515625 0.1265625 0.15
4 0.5125 0.2234375 0.14375 0.159375
4 0.6125 0.6859375 0.128125 0.165625
4 0.64609375 0.8734375 0.1125 0.140625
1 0.15 0.3171875 0.1203125 0.14375
3 0.459375 0.890625 0.13125 0.14375