1 0.58828125 0.70546875 0.1140625 0.1390625
0 0.81953125 0.103125 0.15625 0.1921875
0 0.78984375 0.67421875 0.1578125 0.171875
2 0.5703125 0.4875 0.1109375 0.11875
2 0.2125 0.675 0.10625 0.1125
4 0.63125 0.11328125 0.1234375 0.1296875
0 0.36953125 0.64765625 0.1453125 0.1875
0 0.2546875 0.86640625 0.134375 0.1484375
3 0.88515625 0.334375 0.11875 0.1546875
3 0.2375 0.14140625 0.1203125 0.140625
0 0.54921875 0.30390625 0.1515625 0.1859375
4 0.39140625 0.85 0.109375 0.1265625
4 0.07734375 0.8671875 0.109375 0.128125
0 0.0625 0.1453125 0.125 0.178125
0 0.58046875 0.9109375 0.1390625 0.16875
4 0.35859375 0.29609375 0.1140625 0.146875
4 0.7265625 0.40078125 0.1203125 0.1453125
4 0.80703125 0.88984375 0.128125 0.134375
4 0.06953125 0.67421875 0.1140625 0.128125
1 0.18671875 0.4265625 0.125 0.159375