2 0.090625 0.11015625 0.1 0.11875
1 0.89140625 0.57421875 0.1265625 0.1515625
0 0.6515625 0.79296875 0.1328125 0.1640625
1 0.0890625 0.58671875 0.11875 0.1484375
0 0.5328125 0.5515625 0.1546875 0.165625
0 0.32265625 0.475 0.1203125 0.15625
1 0.09921875 0.40625 0.11875 0.1484375
2 0.51640625 0.32578125 0.10625 0.1296875
3 0.74921875 0.61171875 0.109375 0.1609375
0 0.05546875 0.7921875 0.1109375 0.175
2 0.48203125 0.0859375 0.115625 0.1375
3 0.2984375 0.24609375 0.1296875 0.1328125
4 0.6671875 0.34921875 0.1359375 0.1359375
4 0.2625 0.79296875 0.13125 0.15625
4 0.65078125 0.14765625 0.1140625 0.1421875
4 0.43125 0.74296875 0.115625 0.140625
2 0.84375 0.11328125 0.096875 0.1171875
4 0.90234375 0.39375 0.1390625 0.1671875
4 0.89765625 0.91484375 0.1125 0.13125
4 0.328125 0.078125 0.13125 0.15625