0 0.1734375 0.15234375 0.134375 0.13046875
0 0.44921875 0.70390625 0.13203125 0.1484375
0 0.62109375 0.44140625 0.11328125 0.1625
0 0.2390625 0.35390625 0.1328125 0.17421875
0 0.078125 0.68046875 0.13984375 0.14453125
4 0.8140625 0.13125 0.10546875 0.11953125
3 0.42109375 0.12734375 0.1328125 0.14609375
4 0.940625 0.50234375 0.1046875 0.128125
3 0.79453125 0.7359375 0.1046875 0.1453125
4 0.4125 0.9234375 0.11328125 0.12109375
1 0.2546875 0.6265625 0.103125 0.1421875
4 0.93671875 0.92578125 0.10546875 0.125
1 0.63359375 0.64375 0.12421875 0.1484375
3 0.646875 0.84921875 0.125 0.14765625
4 0.6015625 0.26171875 0.12109375 0.14296875
4 0.77421875 0.3734375 0.11484375 0.15078125
1 0.38671875 0.49375 0.10234375 0.1328125
2 0.25 0.92421875 0.10078125 0.13203125
3 0.0953125 0.909375 0.10703125 0.1484375
4 0.09765625 0.5109375 0.10078125 0.13203125