0 0.11171875 0.76015625 0.1140625 0.17734375
0 0.73515625 0.540625 0.11953125 0.1359375
1 0.071875 0.4125 0.109375 0.1203125
1 0.23125 0.790625 0.103125 0.1359375
0 0.0984375 0.203125 0.14140625 0.14375
1 0.58515625 0.52109375 0.115625 0.15234375
1 0.90390625 0.7953125 0.10625 0.1328125
4 0.45390625 0.80703125 0.12109375 0.16171875
0 0.86171875 0.3328125 0.12109375 0.134375
3 0.24296875 0.60078125 0.1078125 0.13515625
3 0.846875 0.1203125 0.1296875 0.14453125
1 0.61015625 0.7484375 0.11171875 0.1328125
1 0.7640625 0.72578125 0.109375 0.1328125
3 0.415625 0.52890625 0.12265625 0.14765625
2 0.6625 0.928125 0.11328125 0.11796875
1 0.51328125 0.29765625 0.12109375 0.16484375
2 0.253125 0.40546875 0.1078125 0.1359375
2 0.6546875 0.21953125 0.1046875 0.1296875
2 0.2296875 0.13515625 0.103125 0.14609375
4 0.92265625 0.54609375 0.1125 0.13203125