0 0.4359375 0.9046875 0.128125 0.171875
0 0.3953125 0.52734375 0.1375 0.1765625
0 0.2828125 0.85625 0.1359375 0.1484375
0 0.609375 0.7296875 0.11875 0.1359375
0 0.42734375 0.11328125 0.115625 0.171875
1 0.56484375 0.12578125 0.1125 0.1359375
1 0.90703125 0.33984375 0.1234375 0.140625
3 0.1578125 0.103125 0.1109375 0.146875
1 0.84453125 0.61171875 0.134375 0.14375
3 0.6484375 0.90703125 0.1171875 0.1484375
4 0.7375 0.14296875 0.134375 0.159375
4 0.1 0.88046875 0.109375 0.1296875
3 0.1671875 0.63828125 0.115625 0.146875
1 0.76875 0.41328125 0.1125 0.1328125
3 0.60390625 0.453125 0.1171875 0.146875
3 0.428125 0.33671875 0.1109375 0.1359375
3 0.4421875 0.75 0.11875 0.1375
2 0.2171875 0.40390625 0.11875 0.15
2 0.8828125 0.925 0.1 0.121875
4 0.940625 0.14765625 0.11875 0.1671875