1 0.16484375 0.565625 0.1328125 0.159375
1 0.10625 0.80390625 0.13125 0.14375
1 0.5109375 0.13046875 0.134375 0.159375
1 0.39140625 0.88046875 0.153125 0.1796875
0 0.3375 0.62109375 0.140625 0.1484375
0 0.71796875 0.58125 0.184375 0.2015625
3 0.55546875 0.403125 0.1359375 0.1625
0 0.8625 0.62578125 0.1765625 0.20625
0 0.25 0.82890625 0.1640625 0.19375
3 0.884375 0.41484375 0.1546875 0.18125
2 0.5859375 0.94375 0.1375 0.1125
0 0.66875 0.7671875 0.165625 0.209375
2 0.803125 0.834375 0.134375 0.1609375
2 0.159375 0.06640625 0.134375 0.1328125
3 0.484375 0.61953125 0.1234375 0.1453125
4 0.90078125 0.1859375 0.16875 0.19375
1 0.7015625 0.303125 0.1453125 0.1453125
1 0.1203125 0.25625 0.146875 0.1765625
1 0.3734375 0.41875 0.153125 0.165625
4 0.38671875 0.11875 0.1328125 0.159375