0 0.2734375 0.38203125 0.15625 0.1546875
0 0.0625 0.42421875 0.125 0.1453125
0 0.5015625 0.11875 0.11875 0.1390625
1 0.0734375 0.1796875 0.128125 0.1515625
0 0.70546875 0.0984375 0.128125 0.1515625
0 0.45390625 0.56015625 0.1171875 0.1578125
2 0.85703125 0.5609375 0.103125 0.1046875
2 0.440625 0.78828125 0.1125 0.134375
0 0.5125 0.334375 0.1453125 0.19375
0 0.121875 0.6890625 0.14375 0.184375
0 0.59140625 0.64296875 0.1234375 0.1421875
0 0.30078125 0.628125 0.134375 0.1421875
4 0.8078125 0.765625 0.125 0.140625
0 0.096875 0.88984375 0.1453125 0.1578125
3 0.6078125 0.8671875 0.1125 0.1484375
3 0.87265625 0.0859375 0.103125 0.1375
4 0.27109375 0.89375 0.1140625 0.1546875
4 0.6671875 0.296875 0.1171875 0.146875
1 0.25625 0.1609375 0.115625 0.1515625
3 0.87578125 0.31484375 0.128125 0.1421875