0 0.3609375 0.18125 0.1203125 0.1515625
0 0.64140625 0.86171875 0.15 0.16875
4 0.91875 0.315625 0.1140625 0.1328125
4 0.784375 0.7765625 0.1203125 0.13125
4 0.90703125 0.12578125 0.11875 0.1390625
4 0.2484375 0.65390625 0.13125 0.1453125
2 0.4 0.4453125 0.128125 0.15
4 0.9484375 0.7828125 0.103125 0.14375
4 0.690625 0.55234375 0.1375 0.1546875
3 0.23984375 0.4453125 0.10625 0.146875
3 0.525 0.67265625 0.1234375 0.1515625
2 0.525 0.278125 0.11875 0.1484375
2 0.57109375 0.10625 0.1171875 0.1296875
2 0.08203125 0.45078125 0.1078125 0.1375
3 0.74765625 0.2046875 0.1125 0.1421875
3 0.06640625 0.2109375 0.11875 0.1296875
1 0.3171875 0.821875 0.115625 0.1578125
2 0.17265625 0.86796875 0.1140625 0.1375
3 0.871875 0.578125 0.1171875 0.14375
4 0.47109375 0.8828125 0.1359375 0.1765625