1 0.13984375 0.9015625 0.1015625 0.13671875
0 0.89765625 0.66171875 0.1453125 0.1703125
0 0.63515625 0.1234375 0.11796875 0.12578125
0 0.5296875 0.38671875 0.1109375 0.15859375
0 0.86640625 0.1953125 0.11875 0.1484375
0 0.90390625 0.8640625 0.121875 0.13203125
2 0.090625 0.421875 0.1265625 0.1359375
3 0.7671875 0.921875 0.11015625 0.15078125
3 0.4484375 0.7390625 0.10703125 0.1171875
2 0.5640625 0.5875 0.10234375 0.13125
0 0.68203125 0.365625 0.1046875 0.16640625
2 0.62109375 0.91953125 0.11796875 0.1375
4 0.2984375 0.2953125 0.10078125 0.13125
2 0.1359375 0.6890625 0.09765625 0.12890625
4 0.315625 0.8015625 0.109375 0.140625
4 0.75625 0.6921875 0.12109375 0.15
2 0.1421875 0.22578125 0.11640625 0.14453125
3 0.9125 0.4734375 0.11171875 0.13359375
2 0.32734375 0.52109375 0.08828125 0.12265625
4 0.4703125 0.15546875 0.1203125 0.12578125