1 0.37890625 0.65703125 0.10859375 0.12890625
1 0.65234375 0.21484375 0.1140625 0.15078125
1 0.90859375 0.87109375 0.1140625 0.1421875
2 0.3140625 0.29296875 0.1046875 0.11796875
0 0.7015625 0.8265625 0.146875 0.1765625
2 0.2515625 0.471875 0.103125 0.11875
0 0.440625 0.45703125 0.12265625 0.15
0 0.471875 0.24296875 0.14296875 0.1671875
3 0.790625 0.1375 0.11640625 0.14140625
3 0.54140625 0.71484375 0.1046875 0.1203125
3 0.1109375 0.92578125 0.11015625 0.13984375
0 0.77265625 0.3921875 0.11015625 0.1671875
2 0.2703125 0.8765625 0.09921875 0.12890625
0 0.16796875 0.6609375 0.1140625 0.15546875
4 0.07421875 0.35703125 0.11015625 0.134375
4 0.9140625 0.403125 0.121875 0.153125
4 0.80234375 0.615625 0.128125 0.1515625
1 0.6046875 0.53203125 0.1375 0.1453125
4 0.52421875 0.93359375 0.1234375 0.13046875
2 0.14375 0.15078125 0.10859375 0.1578125