1 0.1 0.34609375 0.134375 0.1453125
1 0.74609375 0.70234375 0.115625 0.1265625
0 0.178125 0.13515625 0.140625 0.159375
1 0.89375 0.89765625 0.1078125 0.1296875
2 0.27109375 0.6765625 0.115625 0.128125
0 0.2890625 0.91796875 0.121875 0.1640625
0 0.68046875 0.4984375 0.1171875 0.1609375
0 0.340625 0.36328125 0.134375 0.1765625
0 0.73515625 0.90234375 0.134375 0.1546875
4 0.509375 0.4203125 0.1140625 0.146875
2 0.85 0.228125 0.1140625 0.125
0 0.70078125 0.115625 0.128125 0.1421875
4 0.4328125 0.6703125 0.128125 0.146875
0 0.8453125 0.4515625 0.13125 0.1796875
2 0.6703125 0.31875 0.1234375 0.146875
2 0.065625 0.55546875 0.1203125 0.1546875
2 0.48828125 0.93125 0.1109375 0.1375
2 0.621875 0.7046875 0.1 0.1359375
1 0.0703125 0.78203125 0.11875 0.1515625
3 0.3828125 0.1265625 0.1203125 0.1484375