0 0.65703125 0.6953125 0.10078125 0.14453125
0 0.61015625 0.2453125 0.13046875 0.13671875
0 0.4078125 0.35546875 0.10859375 0.16640625
0 0.6078125 0.46015625 0.14921875 0.175
0 0.91875 0.1796875 0.11875 0.165625
0 0.4671875 0.13359375 0.096875 0.15703125
4 0.41640625 0.89765625 0.1234375 0.13515625
1 0.79765625 0.66171875 0.0984375 0.11640625
4 0.57109375 0.88125 0.1140625 0.1375
3 0.9203125 0.35390625 0.1234375 0.14140625
1 0.24453125 0.40546875 0.1078125 0.1484375
1 0.13515625 0.665625 0.1109375 0.15
3 0.78828125 0.853125 0.11328125 0.12890625
1 0.95 0.5703125 0.1 0.134375
1 0.10625 0.4421875 0.10546875 0.1359375
1 0.74453125 0.2390625 0.1234375 0.16171875
4 0.2484375 0.9078125 0.11796875 0.159375
1 0.3984375 0.58515625 0.09921875 0.11796875
2 0.190625 0.16171875 0.1203125 0.1390625
3 0.08828125 0.89765625 0.1046875 0.1140625