0 0.5421875 0.703125 0.1484375 0.1890625
0 0.86171875 0.084375 0.1484375 0.16875
0 0.071875 0.40859375 0.14375 0.1828125
0 0.303125 0.65625 0.11875 0.1875
0 0.8859375 0.49296875 0.15 0.18125
0 0.44140625 0.140625 0.1515625 0.178125
0 0.5453125 0.48359375 0.1328125 0.178125
1 0.1609375 0.17578125 0.128125 0.146875
2 0.24140625 0.9015625 0.1078125 0.1359375
3 0.65703125 0.18671875 0.1359375 0.175
4 0.85859375 0.30078125 0.125 0.1515625
3 0.9109375 0.76953125 0.109375 0.1421875
4 0.396875 0.8984375 0.109375 0.1296875
1 0.0921875 0.6140625 0.128125 0.1453125
2 0.71953125 0.88203125 0.1140625 0.1359375
2 0.24453125 0.3109375 0.1234375 0.1375
2 0.39296875 0.35546875 0.1078125 0.146875
2 0.075 0.82578125 0.11875 0.15
4 0.571875 0.88125 0.1171875 0.128125
4 0.7125 0.56953125 0.1109375 0.153125