0 0.4578125 0.321875 0.1359375 0.1828125
1 0.11796875 0.3171875 0.15625 0.1734375
1 0.5828125 0.8859375 0.128125 0.14375
2 0.76796875 0.53984375 0.140625 0.146875
0 0.2625 0.3640625 0.1515625 0.1671875
2 0.94296875 0.3921875 0.1140625 0.15625
0 0.67734375 0.1265625 0.1734375 0.2
0 0.4484375 0.54765625 0.165625 0.196875
2 0.821875 0.27109375 0.1140625 0.134375
2 0.55390625 0.09375 0.14375 0.1609375
3 0.68359375 0.7171875 0.13125 0.1421875
0 0.5875 0.3375 0.153125 0.1515625
0 0.9078125 0.5859375 0.1796875 0.18125
0 0.1875 0.79140625 0.153125 0.2046875
4 0.209375 0.59453125 0.1296875 0.153125
0 0.05 0.7625 0.1 0.20625
3 0.34609375 0.85 0.1453125 0.15625
4 0.2765625 0.1796875 0.13125 0.1453125
0 0.80625 0.88984375 0.2 0.2203125
4 0.05546875 0.5125 0.1109375 0.146875