0 0.9046875 0.4859375 0.1671875 0.1984375
0 0.60859375 0.50390625 0.1671875 0.203125
0 0.7375 0.74140625 0.1625 0.1828125
0 0.85625 0.19140625 0.15 0.15
0 0.91875 0.83046875 0.1625 0.1828125
0 0.290625 0.25859375 0.15625 0.16875
3 0.1375 0.71328125 0.1359375 0.15
3 0.1078125 0.1828125 0.13125 0.1453125
2 0.45078125 0.54375 0.109375 0.1203125
4 0.4359375 0.12578125 0.14375 0.153125
2 0.753125 0.46484375 0.1109375 0.1484375
4 0.3359375 0.90703125 0.1359375 0.1515625
2 0.6734375 0.05625 0.115625 0.1125
2 0.70859375 0.234375 0.115625 0.1453125
4 0.290625 0.62421875 0.1453125 0.1546875
3 0.82578125 0.04921875 0.1328125 0.0984375
1 0.52109375 0.3140625 0.13125 0.153125
2 0.17421875 0.93359375 0.1265625 0.1328125
2 0.57265625 0.81953125 0.13125 0.1453125
2 0.153125 0.42734375 0.1234375 0.140625