1 0.665625 0.3796875 0.11875 0.1265625
1 0.35703125 0.0703125 0.1203125 0.140625
0 0.75234375 0.578125 0.1265625 0.190625
2 0.12578125 0.17890625 0.109375 0.1203125
2 0.11015625 0.40078125 0.1078125 0.1296875
0 0.440625 0.8859375 0.146875 0.1671875
3 0.809375 0.88046875 0.1125 0.146875
2 0.28046875 0.45703125 0.11875 0.13125
3 0.54921875 0.0703125 0.1125 0.1328125
3 0.06953125 0.60703125 0.1203125 0.1578125
0 0.48203125 0.67890625 0.1421875 0.2015625
3 0.93046875 0.4234375 0.1203125 0.146875
4 0.50390625 0.3734375 0.1265625 0.1375
0 0.11640625 0.78671875 0.121875 0.165625
3 0.64765625 0.78203125 0.1140625 0.1375
4 0.2671875 0.76875 0.1015625 0.13125
1 0.9328125 0.184375 0.1078125 0.13125
4 0.69921875 0.18828125 0.1265625 0.1421875
4 0.31328125 0.2765625 0.128125 0.140625
3 0.9359375 0.65859375 0.109375 0.128125