0 0.4109375 0.73359375 0.1125 0.15625
1 0.3109375 0.934375 0.11796875 0.125
1 0.1125 0.4890625 0.1078125 0.121875
0 0.675 0.1875 0.14765625 0.17421875
4 0.27109375 0.1796875 0.1140625 0.12890625
3 0.43828125 0.18203125 0.12109375 0.15078125
1 0.8671875 0.8921875 0.11328125 0.1484375
2 0.49765625 0.49921875 0.09296875 0.12109375
2 0.73203125 0.4578125 0.11328125 0.13515625
2 0.11640625 0.91015625 0.10625 0.12734375
3 0.3171875 0.4796875 0.11484375 0.1265625
0 0.13125 0.2625 0.10703125 0.17421875
3 0.94765625 0.4640625 0.10390625 0.12734375
1 0.62578125 0.709375 0.1234375 0.14296875
2 0.77734375 0.68671875 0.0890625 0.12265625
4 0.875 0.1515625 0.12421875 0.1484375
2 0.6703125 0.903125 0.09453125 0.13671875
3 0.1015625 0.71484375 0.10703125 0.13671875
1 0.91953125 0.61953125 0.11171875 0.12265625
4 0.2453125 0.71171875 0.1078125 0.14609375