1 0.3703125 0.321875 0.121875 0.1375
2 0.57421875 0.93203125 0.1234375 0.1359375
1 0.559375 0.48671875 0.128125 0.159375
0 0.41171875 0.778125 0.1453125 0.1859375
1 0.09609375 0.85234375 0.1234375 0.15625
4 0.73203125 0.496875 0.13125 0.1375
0 0.44296875 0.125 0.134375 0.1671875
4 0.271875 0.1359375 0.1296875 0.15625
2 0.66640625 0.6625 0.1125 0.121875
4 0.1046875 0.41015625 0.1203125 0.14375
3 0.88515625 0.61796875 0.128125 0.1671875
2 0.7875 0.9328125 0.1375 0.134375
2 0.11796875 0.2015625 0.103125 0.125
4 0.2546875 0.77109375 0.1328125 0.165625
0 0.3828125 0.56640625 0.1359375 0.1875
0 0.065625 0.5828125 0.13125 0.153125
3 0.2296875 0.55 0.13125 0.1640625
1 0.9109375 0.2453125 0.11875 0.1328125
4 0.5703125 0.1453125 0.134375 0.165625
2 0.790625 0.26171875 0.1109375 0.146875