0 0.87890625 0.7390625 0.128125 0.1609375
0 0.30859375 0.33984375 0.13828125 0.16796875
0 0.7375 0.89609375 0.11875 0.13046875
0 0.6984375 0.75 0.1421875 0.1640625
0 0.4546875 0.65390625 0.12734375 0.1453125
2 0.2734375 0.7984375 0.10234375 0.1140625
1 0.8046875 0.14375 0.1046875 0.14375
4 0.30546875 0.60078125 0.10390625 0.121875
0 0.5375 0.21875 0.13671875 0.13828125
4 0.38046875 0.13203125 0.11484375 0.13125
1 0.21640625 0.1734375 0.128125 0.13828125
2 0.76953125 0.34296875 0.10546875 0.13359375
3 0.475 0.45234375 0.1 0.1203125
2 0.13828125 0.5140625 0.1 0.12109375
3 0.14296875 0.34140625 0.1265625 0.13515625
4 0.9078125 0.92578125 0.121875 0.14765625
4 0.93671875 0.48203125 0.1171875 0.15703125
4 0.75859375 0.53515625 0.11640625 0.13984375
3 0.43203125 0.86171875 0.11171875 0.13359375
2 0.0984375 0.75078125 0.11328125 0.15390625