0 0.3890625 0.44375 0.140625 0.1890625
0 0.30625 0.2578125 0.1515625 0.196875
0 0.9671875 0.69609375 0.065625 0.1890625
0 0.18125 0.9375 0.178125 0.125
1 0.7953125 0.365625 0.125 0.1390625
3 0.8375 0.78671875 0.140625 0.1734375
3 0.85078125 0.55859375 0.1421875 0.1640625
2 0.53203125 0.39765625 0.1046875 0.11875
1 0.6328125 0.134375 0.140625 0.159375
1 0.51640625 0.88046875 0.140625 0.1609375
3 0.5359375 0.65625 0.1578125 0.175
1 0.44921875 0.1 0.1546875 0.1734375
2 0.37578125 0.69375 0.125 0.1390625
3 0.071875 0.26171875 0.14375 0.1671875
1 0.67578125 0.540625 0.1421875 0.1578125
1 0.10546875 0.49765625 0.159375 0.1703125
2 0.35 0.89765625 0.1359375 0.1484375
2 0.659375 0.85390625 0.1421875 0.15
2 0.83203125 0.07109375 0.1421875 0.1421875
1 0.17578125 0.71171875 0.15 0.1671875