1 0.72265625 0.85703125 0.140625 0.1578125
0 0.51875 0.92109375 0.15625 0.1578125
2 0.80546875 0.16875 0.1375 0.140625
0 0.9109375 0.54296875 0.1765625 0.190625
0 0.17421875 0.2015625 0.15625 0.1953125
2 0.0359375 0.25 0.071875 0.146875
2 0.59296875 0.33671875 0.1171875 0.1234375
0 0.79453125 0.34453125 0.1578125 0.159375
0 0.1734375 0.88671875 0.1984375 0.209375
0 0.52421875 0.7171875 0.1515625 0.1578125
1 0.853125 0.75234375 0.1375 0.1578125
0 0.04609375 0.4421875 0.0921875 0.19375
2 0.3828125 0.22734375 0.134375 0.1515625
2 0.48515625 0.475 0.128125 0.153125
4 0.28359375 0.48984375 0.1515625 0.1625
4 0.5375 0.08125 0.1359375 0.1578125
3 0.10234375 0.71171875 0.15 0.1625
3 0.303125 0.728125 0.1453125 0.1578125
3 0.35703125 0.94296875 0.1328125 0.1140625
4 0.67421875 0.68203125 0.153125 0.16875