0 0.35546875 0.68203125 0.159375 0.203125
0 0.08515625 0.53359375 0.1703125 0.1859375
0 0.2765625 0.23125 0.1296875 0.1859375
0 0.28125 0.528125 0.11875 0.1671875
0 0.378125 0.87109375 0.125 0.1484375
0 0.6171875 0.328125 0.1390625 0.15625
0 0.43828125 0.26875 0.1609375 0.1953125
1 0.528125 0.67109375 0.121875 0.14375
4 0.940625 0.75390625 0.11875 0.1390625
1 0.92734375 0.4734375 0.128125 0.14375
3 0.11953125 0.353125 0.14375 0.1640625
2 0.6828125 0.50625 0.1296875 0.134375
3 0.8890625 0.29453125 0.1125 0.13125
2 0.22734375 0.9375 0.1234375 0.125
3 0.13671875 0.725 0.1375 0.153125
4 0.69296875 0.12265625 0.125 0.1453125
3 0.85 0.08046875 0.13125 0.1484375
4 0.57578125 0.903125 0.11875 0.1390625
2 0.453125 0.465625 0.134375 0.153125
2 0.69765625 0.78828125 0.13125 0.1765625