1 0.32890625 0.68125 0.1203125 0.1515625
1 0.26875 0.3421875 0.128125 0.1515625
1 0.7109375 0.82265625 0.1390625 0.15
2 0.4765625 0.771875 0.1203125 0.1484375
0 0.26953125 0.8921875 0.165625 0.18125
3 0.62890625 0.55703125 0.121875 0.153125
2 0.546875 0.15234375 0.1234375 0.1421875
2 0.46875 0.5203125 0.1078125 0.13125
2 0.09609375 0.49921875 0.1203125 0.13125
2 0.93359375 0.14765625 0.1015625 0.1078125
3 0.86015625 0.8828125 0.121875 0.1453125
0 0.109375 0.2921875 0.1296875 0.16875
3 0.734375 0.2375 0.1203125 0.1421875
3 0.89765625 0.33671875 0.1171875 0.1703125
4 0.8265625 0.55703125 0.1265625 0.1578125
0 0.065625 0.87734375 0.13125 0.1671875
4 0.43984375 0.31640625 0.1140625 0.1265625
3 0.14140625 0.66015625 0.121875 0.1203125
4 0.38671875 0.1140625 0.134375 0.159375
4 0.20078125 0.0859375 0.1453125 0.171875