1 0.7546875 0.603125 0.12890625 0.13515625
1 0.51015625 0.8359375 0.11328125 0.12734375
2 0.62734375 0.09765625 0.10390625 0.115625
0 0.4453125 0.1484375 0.13671875 0.15625
0 0.9078125 0.73203125 0.1328125 0.13984375
0 0.91640625 0.434375 0.13046875 0.16875
2 0.44453125 0.33515625 0.09765625 0.11875
0 0.09296875 0.37578125 0.14609375 0.175
4 0.66953125 0.825 0.1125 0.14609375
4 0.3109375 0.5890625 0.1171875 0.1421875
0 0.24140625 0.31328125 0.10859375 0.16328125
4 0.15546875 0.65078125 0.13046875 0.1515625
4 0.09375 0.13984375 0.1109375 0.13828125
4 0.30546875 0.7984375 0.1265625 0.1546875
2 0.94140625 0.93359375 0.1109375 0.1328125
1 0.1453125 0.88359375 0.121875 0.15625
4 0.24921875 0.11484375 0.1296875 0.15078125
4 0.871875 0.25390625 0.1140625 0.14609375
4 0.70546875 0.35390625 0.10859375 0.13359375
1 0.471875 0.60078125 0.1125 0.14296875