1 0.07734375 0.83359375 0.115625 0.15078125
1 0.55625 0.4515625 0.11171875 0.146875
1 0.76875 0.91015625 0.1265625 0.14453125
0 0.7109375 0.69296875 0.1453125 0.18515625
0 0.75078125 0.178125 0.1265625 0.1859375
0 0.1078125 0.3453125 0.12421875 0.13515625
4 0.58671875 0.21328125 0.11953125 0.140625
3 0.3578125 0.384375 0.11484375 0.13125
2 0.23671875 0.9171875 0.11015625 0.1328125
4 0.40546875 0.90390625 0.10078125 0.12890625
4 0.5046875 0.71640625 0.11484375 0.13515625
4 0.134375 0.14921875 0.1140625 0.14765625
2 0.59609375 0.92734375 0.09453125 0.10859375
4 0.12265625 0.55546875 0.1 0.13046875
4 0.28515625 0.60859375 0.10390625 0.12109375
2 0.371875 0.13125 0.121875 0.1484375
3 0.69296875 0.39921875 0.1125 0.12265625
4 0.88046875 0.4453125 0.11171875 0.14375
4 0.89765625 0.178125 0.11640625 0.1484375
4 0.91328125 0.771875 0.10703125 0.12578125