0 0.28828125 0.1296875 0.153125 0.1671875
0 0.5265625 0.3953125 0.1734375 0.184375
4 0.20234375 0.60234375 0.125 0.1421875
2 0.33984375 0.83359375 0.1171875 0.1390625
1 0.70078125 0.42421875 0.1390625 0.159375
3 0.7203125 0.85234375 0.1484375 0.159375
1 0.7890625 0.2734375 0.1296875 0.1640625
3 0.54296875 0.1359375 0.1515625 0.16875
1 0.94453125 0.28515625 0.1109375 0.1640625
2 0.05 0.575 0.1 0.15
1 0.53984375 0.7859375 0.1390625 0.153125
1 0.50078125 0.58515625 0.140625 0.15625
3 0.16484375 0.3515625 0.1390625 0.165625
0 0.16640625 0.825 0.16875 0.1765625
2 0.8671875 0.8421875 0.1375 0.15
1 0.35078125 0.378125 0.1234375 0.1421875
3 0.13046875 0.15390625 0.1140625 0.14375
4 0.8578125 0.4484375 0.11875 0.140625
2 0.03203125 0.81484375 0.0640625 0.1390625
1 0.76640625 0.62734375 0.1515625 0.1828125