1 0.72578125 0.140625 0.10703125 0.13125
0 0.22578125 0.7171875 0.146875 0.16796875
2 0.584375 0.63671875 0.0921875 0.1171875
0 0.903125 0.11328125 0.1125 0.16328125
2 0.94765625 0.584375 0.103125 0.11640625
3 0.91953125 0.78203125 0.1125 0.13515625
1 0.2765625 0.9328125 0.1203125 0.134375
0 0.109375 0.190625 0.1515625 0.17265625
3 0.55625 0.37890625 0.11875 0.134375
0 0.615625 0.84609375 0.13046875 0.175
2 0.2359375 0.19296875 0.0984375 0.115625
3 0.54765625 0.1640625 0.10234375 0.1421875
1 0.78046875 0.8421875 0.103125 0.140625
0 0.88359375 0.34453125 0.115625 0.15625
2 0.121875 0.421875 0.1109375 0.1359375
3 0.70859375 0.33046875 0.1140625 0.13984375
2 0.3796875 0.6890625 0.10390625 0.140625
3 0.346875 0.41484375 0.11328125 0.14609375
3 0.43828125 0.87734375 0.11171875 0.12109375
3 0.75546875 0.59296875 0.10234375 0.12890625