0 0.3703125 0.88671875 0.13515625 0.1828125
0 0.784375 0.9015625 0.1234375 0.140625
4 0.43359375 0.1234375 0.11875 0.14140625
0 0.4390625 0.4125 0.12421875 0.17421875
0 0.68671875 0.7546875 0.1453125 0.18203125
4 0.5265625 0.8171875 0.1078125 0.1328125
3 0.83984375 0.37578125 0.11171875 0.1375
1 0.41640625 0.59375 0.1140625 0.1390625
3 0.57890625 0.33984375 0.11875 0.15078125
1 0.2484375 0.37265625 0.10390625 0.13046875
0 0.8921875 0.18515625 0.121875 0.1796875
0 0.2546875 0.11875 0.1078125 0.175
1 0.69609375 0.1609375 0.12734375 0.1578125
1 0.93671875 0.8921875 0.121875 0.14296875
2 0.9296875 0.68515625 0.10234375 0.12578125
3 0.08046875 0.35078125 0.1234375 0.1328125
2 0.0859375 0.12265625 0.1125 0.15078125
3 0.64375 0.55703125 0.11875 0.1390625
4 0.19140625 0.89921875 0.1359375 0.15234375
2 0.20390625 0.59375 0.10234375 0.1234375