1 0.734375 0.709375 0.11328125 0.1390625
1 0.92421875 0.871875 0.1109375 0.13515625
2 0.7703125 0.47421875 0.0984375 0.10546875
3 0.103125 0.709375 0.10625 0.14609375
0 0.17578125 0.9234375 0.10625 0.14609375
2 0.74921875 0.9359375 0.1078125 0.12578125
2 0.56484375 0.9390625 0.0984375 0.10234375
0 0.740625 0.14921875 0.1265625 0.1671875
0 0.9109375 0.17421875 0.1203125 0.159375
3 0.1859375 0.4859375 0.10546875 0.12421875
4 0.9078125 0.63671875 0.125 0.13671875
3 0.53046875 0.1046875 0.10390625 0.13984375
2 0.5984375 0.38515625 0.12109375 0.15703125
3 0.3875 0.37109375 0.10703125 0.12265625
1 0.35390625 0.87578125 0.1140625 0.15
2 0.2765625 0.69765625 0.11015625 0.13203125
2 0.9375 0.44375 0.10390625 0.140625
4 0.20703125 0.23984375 0.1234375 0.14375
4 0.38359375 0.13203125 0.1203125 0.1671875
3 0.56953125 0.72109375 0.1171875 0.1265625