1 0.946875 0.68203125 0.10625 0.1578125
1 0.83671875 0.24921875 0.1421875 0.1671875
4 0.896875 0.46875 0.140625 0.1609375
3 0.3125 0.665625 0.146875 0.16875
3 0.4375 0.13359375 0.1453125 0.16875
0 0.10234375 0.403125 0.1875 0.2140625
0 0.490625 0.33671875 0.178125 0.1859375
3 0.13515625 0.60234375 0.1421875 0.1734375
3 0.7265625 0.50078125 0.1390625 0.1640625
1 0.778125 0.07109375 0.14375 0.1421875
4 0.63671875 0.06953125 0.1484375 0.1390625
4 0.134375 0.796875 0.146875 0.1625
4 0.67890625 0.290625 0.1546875 0.178125
4 0.42265625 0.8765625 0.1625 0.1875
4 0.6890625 0.86015625 0.1609375 0.1875
0 0.271875 0.95859375 0.18125 0.0828125
4 0.821875 0.8265625 0.1421875 0.1640625
4 0.57265625 0.6453125 0.146875 0.15625
3 0.33125 0.4625 0.153125 0.1546875
4 0.21484375 0.2453125 0.1546875 0.1578125