0 0.4515625 0.8609375 0.128125 0.153125
0 0.6296875 0.11875 0.11328125 0.1421875
0 0.92265625 0.85859375 0.1375 0.1453125
0 0.66953125 0.334375 0.13984375 0.17890625
3 0.328125 0.61328125 0.1234375 0.1328125
4 0.11875 0.9109375 0.11953125 0.14375
3 0.91796875 0.325 0.1171875 0.16328125
1 0.89375 0.1171875 0.128125 0.146875
1 0.3296875 0.23046875 0.1078125 0.1328125
1 0.17265625 0.32578125 0.128125 0.15
1 0.18125 0.6890625 0.11171875 0.1375
3 0.51484375 0.653125 0.115625 0.14375
4 0.4890625 0.38984375 0.10703125 0.1296875
1 0.33515625 0.440625 0.11640625 0.15234375
3 0.775 0.8984375 0.1203125 0.13515625
3 0.28984375 0.90390625 0.11328125 0.14765625
4 0.70078125 0.56875 0.1046875 0.1328125
3 0.496875 0.13828125 0.10703125 0.13984375
2 0.87890625 0.64296875 0.10546875 0.1234375
4 0.175 0.13671875 0.13203125 0.1671875