1 0.26171875 0.8515625 0.1109375 0.134375
0 0.78125 0.2921875 0.153125 0.1734375
2 0.4203125 0.36015625 0.096875 0.1203125
0 0.08359375 0.87265625 0.11875 0.1671875
2 0.05546875 0.4 0.1078125 0.1203125
3 0.090625 0.203125 0.1171875 0.1390625
1 0.73828125 0.075 0.125 0.1390625
0 0.8796875 0.82265625 0.1578125 0.178125
3 0.43984375 0.61875 0.1234375 0.1390625
0 0.396875 0.15 0.1359375 0.1796875
2 0.753125 0.81640625 0.103125 0.11875
3 0.440625 0.834375 0.1078125 0.1453125
1 0.23203125 0.1484375 0.1078125 0.14375
0 0.1109375 0.6421875 0.1203125 0.1609375
2 0.875 0.59140625 0.115625 0.1390625
3 0.2859375 0.6625 0.11875 0.14375
2 0.6265625 0.315625 0.109375 0.14375
3 0.65 0.590625 0.11875 0.15
3 0.575 0.125 0.115625 0.125
3 0.24765625 0.3984375 0.10625 0.1328125